1957+20     9-Jun-14  213000.00   56817.89583333330            29.124020 -0.573 -6.749
 298744565326.929920  622.122028784041   ao  300   12   335.250 0.9609   2.6180
 -5.42123199352706475e-08  2.01608832432979357e+00  3.63759141870306345e-03
  2.56071324832245241e-06 -3.88228975044165307e-08 -1.72005647386985874e-11
  1.68526450847017004e-13  5.35112322380081132e-17 -3.93284354401140042e-19
 -9.78607470945311046e-23  5.39001926632001719e-25  1.44190921611085571e-28
1957+20    10-Jun-14   23000.00   56818.10416666660            29.124020 -0.576 -3.908
 298755764278.644905  622.122028784041   ao  300   12   335.250 0.5063   2.6180
  1.00079388151361193e-05  2.09328043540007069e+00 -3.65413397651125635e-03
  1.11262372100176280e-06  3.92716252746932402e-08 -8.48478591812187073e-12
 -1.69329168713804483e-13  5.72634909087618393e-17  3.13859405284168041e-19
 -1.09139064727821743e-21  1.12290355631555482e-24  1.20887158366015299e-26
1957+20    10-Jun-14   73000.00   56818.31249999990            29.124020 -0.561 -7.008
 298766963006.088168  622.122028784041   ao  300   12   335.250 0.0517   2.6180
  4.41838022054857893e-08  2.32654127921035059e+00  3.24407010079462085e-03
 -5.07689171648336831e-06 -3.64403415200994123e-08  3.32535309044346196e-11
  1.59195181535985139e-13 -1.04099558502269620e-16 -3.70403257800105899e-19
  1.94648566948050008e-22  5.01451979722579286e-25 -2.53861710690520132e-28
1957+20    10-Jun-14  123000.00   56818.52083333330            29.124020 -0.546 -4.204
 298778161916.357796  622.122028784041   ao  300   12   335.250 0.5972   2.6180
  2.61312026809453618e-05  1.64906591610130349e+00 -2.88597705086640448e-03
  8.64843767229507444e-06  3.10923089539825998e-08 -5.50175215084834045e-11
 -1.35747870978908018e-13  1.30140345936498632e-16  3.25591871515985695e-19
  1.24682784317209407e-21 -4.32798269542748163e-25 -2.11704827045689085e-26
1957+20    10-Jun-14  173000.00   56818.72916666660            29.124020 -0.552 -7.040
 298789360650.040496  622.122028784041   ao  300   12   335.250 0.1426   2.6180
 -9.61393483347311451e-08  2.57686480903785142e+00  2.20083483356838449e-03
 -1.11415460689202308e-05 -2.30999313398358119e-08  7.31215408772544811e-11
  9.96935202371787554e-14 -2.27763019043112043e-16 -2.29861117120039224e-19
  4.15369676414332562e-22  3.04207420617323019e-25 -4.79913286286118433e-28
1957+20    10-Jun-14  213000.00   56818.89583333330            29.124020 -0.565 -6.808
 298798319787.326610  622.122028784041   ao  300   12   335.250 0.5791   2.6180
 -1.39489399276007675e-07  1.77669536775833192e+00 -3.00869341171976050e-03
  7.10102745948690000e-06  3.34619609217800042e-08 -4.68029662862819648e-11
 -1.46157836789260502e-13  1.45026312036648309e-16  3.40480890288118550e-19
 -2.59875200284954514e-22 -4.63772281226438003e-25  3.09593858538610856e-28
1957+20    11-Jun-14   23000.00   56819.10416666660            29.124020 -0.568 -4.302
 298809518535.362431  622.122028784041   ao  300   12   335.250 0.1245   2.6180
 -1.44544962896054480e-05  2.58986737719169380e+00  2.38259077017395540e-03
 -1.03782878039637017e-05 -2.63895378698464973e-08  6.72039287152815100e-11
  1.15843984344200262e-13 -2.37668497851521743e-16 -3.04241623674958835e-19
  1.58333776912619253e-21  8.47323044149447433e-25 -1.78840453408540110e-26
1957+20    11-Jun-14   73000.00   56819.31249999990            29.124020 -0.552 -7.039
 298820717421.512912  622.122028784041   ao  300   12   335.250 0.6699   2.6180
 -5.45510733460097264e-08  1.48954402226247540e+00 -1.70094296735675003e-03
  1.24307117999225717e-05  1.73521868963205423e-08 -8.10206237102689851e-11
 -7.50277843384234533e-14  2.51552537374794908e-16  1.76004101324892968e-19
 -4.53172736765799178e-22 -2.45330902670622928e-25  4.88141080515937253e-28
1957+20    11-Jun-14  123000.00   56819.52083333330            29.124020 -0.538 -4.168
 298831916193.519365  622.122028784041   ao  300   12   335.250 0.2153   2.6180
 -1.07246791017619539e-05  2.63328601392253692e+00  5.65070745025470444e-04
 -1.34412259925729936e-05 -6.41755689479300988e-09  8.82954318768720796e-11
  2.64324625502305595e-14 -2.54006750275747960e-16  1.12476968795851792e-20
 -1.92017387643798510e-22 -1.19948515557899049e-24  7.74646785638688991e-27
1957+20    11-Jun-14  173000.00   56819.72916666660            29.124020 -0.544 -7.042
 298843114996.372056  622.122028784041   ao  300   12   335.250 0.7608   2.6180
 -1.77211951152018293e-07  1.40106259439364722e+00  5.26673361958774440e-04
  1.37631533173494271e-05 -4.89039366907379978e-09 -8.94789212746153829e-11
  2.05403291117076212e-14  2.78411463094666824e-16 -4.64063524967419343e-20
 -5.07230715582049233e-22  5.78727979235056862e-26  5.78576061453376378e-28
1957+20    11-Jun-14  213000.00   56819.89583333330            29.124020 -0.556 -6.739
 298852074037.934864  622.122028784041   ao  300   12   335.250 0.1972   2.6180
 -1.14215107640744384e-07  2.68613776860004450e+00  1.07833359041701791e-03
 -1.33542550738721324e-05 -1.09896971345582169e-08  8.65963086241024777e-11
  4.70500179300049545e-14 -2.68623352193322338e-16 -1.07247500381862305e-19
  4.81462632472142289e-22  1.37321442308932535e-25 -4.77973654629213979e-28
1957+20    12-Jun-14   23000.00   56820.10416666660            29.124020 -0.559 -4.354
 298863272876.096282  622.122028784041   ao  300   12   335.250 0.7427   2.6180
 -1.36381946543476880e-05  1.45365651935435913e+00 -2.89746210872650132e-05
  1.36410773138034496e-05 -1.83193263574511127e-10 -8.96735109990382893e-11
  2.32174848492117917e-15  2.55303379618527386e-16 -6.95467161295921386e-20
  5.82719575075190943e-22  1.08327257830225782e-24 -1.63467930706316745e-26
1957+20    12-Jun-14   73000.00   56820.31249999990            29.124020 -0.543 -7.010
 298874471707.344669  622.122028784041   ao  300   12   335.250 0.2881   2.6180
  3.58667981122454127e-08  2.63486737237589752e+00 -1.16528565126472602e-03
 -1.31893775468185175e-05  1.15177864111568970e-08  8.61085989287828248e-11
 -4.94967232501602512e-14 -2.66961752985897675e-16  1.15295027868483253e-19
  4.80001872160245005e-22 -1.57524241570552854e-25 -5.43723924908314335e-28
1957+20    12-Jun-14  123000.00   56820.52083333330            29.124020 -0.529 -4.518
 298885670456.601981  622.122028784041   ao  300   12   335.250 0.8335   2.6180
  4.86168473588788341e-06  1.44425805723750322e+00  1.94942218890911808e-03
  1.17219165030818011e-05 -2.14705723045283624e-08 -7.56341207781517323e-11
  9.22932602216439612e-14  2.31761990445480087e-16 -1.59118909134899190e-19
 -2.15918842306509275e-22 -6.33768272910674834e-25 -3.33988424983823395e-27
1957+20    12-Jun-14  173000.00   56820.72916666660            29.124020 -0.536 -6.963
 298896869319.983433  622.122028784041   ao  300   12   335.250 0.3789   2.6180
 -6.91334785946073893e-08  2.41157417673748808e+00 -2.65993511144479219e-03
 -8.90067331281344887e-06  2.97539428099699794e-08  5.84052470557433247e-11
 -1.29871387095155800e-13 -1.81216631475903883e-16  3.00643758028984870e-19
  3.25589945138400831e-22 -4.01164451322823134e-25 -3.61141160452514585e-28
1957+20    12-Jun-14  213000.00   56820.89583333330            29.124020 -0.548 -6.796
 298905828295.678205  622.122028784041   ao  300   12   335.250 0.8154   2.6180
 -9.07581325371165093e-09  1.47771655995337414e+00  1.69716077102099994e-03
  1.22446625530395588e-05 -1.77453686145664449e-08 -8.05050357952034757e-11
  7.66724038644629799e-14  2.51147894947967852e-16 -1.78195127952551297e-19
 -4.61452993681189995e-22  2.43220923257477915e-25  5.70089074484720344e-28
1957+20    13-Jun-14   23000.00   56821.10416666660            29.124020 -0.551 -3.674
 298917027171.862825  622.122028784041   ao  300   12   335.250 0.3608   2.6180
  2.76448223420107386e-05  2.51967698841516663e+00 -2.51904465135325672e-03
 -1.02536747242132397e-05  2.69137951467108474e-08  6.58464101051926937e-11
 -1.22362765900799557e-13 -1.71645385546163417e-16  5.86149629017754051e-19
 -1.58256337658228763e-21 -6.05011202933452662e-24  3.63821550760994527e-26
1957+20    13-Jun-14   73000.00   56821.31249999990            29.124020 -0.534 -7.018
 298928225891.369835  622.122028784041   ao  300   12   335.250 0.9063   2.6180
  3.00540793796849615e-08  1.67016967338199995e+00  2.99086619462052197e-03
  7.07103515171616452e-06 -3.36973394181693923e-08 -4.60457074784304051e-11
  1.47444710288352565e-13  1.43260010447430549e-16 -3.44828369935257756e-19
 -2.60991882187683511e-22  4.75472243977795241e-25  3.01912849113402890e-28
1957+20    13-Jun-14  123000.00   56821.52083333330            29.124020 -0.521 -4.452
 298939424778.471250  622.122028784041   ao  300   12   335.250 0.4517   2.6180
  1.33242032708119629e-05  2.10039979479454075e+00 -3.53470304769054524e-03
 -3.26246564385078667e-06  3.81835512851439393e-08  2.23309886144039294e-11
 -1.67415675582187714e-13 -8.38845632133220612e-17  4.55696547944674525e-19
  7.58095140887563529e-22 -1.61482226292940512e-24 -9.87650209769116916e-27
1957+20    13-Jun-14  173000.00   56821.72916666660            29.124020 -0.527 -7.049
 298950623450.475820  622.122028784041   ao  300   12   335.250 0.9971   2.6180
 -3.40529476179629587e-08  1.98953861384393238e+00  3.71282632293858756e-03
 -4.18332403598918200e-07 -3.95468430519740041e-08  3.11735084484281073e-12
  1.71559527226636904e-13 -1.03352521362274525e-17 -3.99886684609567070e-19
  2.15758487917664736e-23  5.46549710337131934e-25 -2.40171070445496001e-29
1957+20    13-Jun-14  213000.00   56821.89583333330            29.124020 -0.539 -6.746
 298959582592.837144  622.122028784041   ao  300   12   335.250 0.4336   2.6180
 -1.44484300728525694e-07  2.23951939730909588e+00 -3.30559780360232354e-03
 -5.02579036692159748e-06  3.66376378662044002e-08  3.22336319348857035e-11
 -1.59677746330532993e-13 -9.97858211999482334e-17  3.69306086715041477e-19
  1.75800119294577176e-22 -4.88180603008329226e-25 -1.18391062638431409e-28
1957+20    14-Jun-14   23000.00   56822.10416666660            29.124020 -0.542 -4.351
 298970781289.486368  622.122028784041   ao  300   12   335.250 0.9790   2.6180
 -4.01354024763544981e-06  1.97164941987293285e+00  3.55569070048401218e-03
  9.43000775697709581e-07 -3.92132283108135933e-08 -6.82135302405994189e-12
  1.70845268862854284e-13  9.39360598614058518e-18 -3.80957134561768608e-19
  3.85346127010897467e-22  1.01689359830399294e-25 -5.01656735286491413e-27
1957+20    14-Jun-14   73000.00   56822.31249999990            29.124020 -0.525 -6.958
 298981980194.093985  622.122028784041   ao  300   12   335.250 0.5244   2.6180
 -8.63023648448035807e-08  1.83079911014667251e+00 -3.66821824218357961e-03
  2.84238066112908034e-06  3.87301828681183520e-08 -1.83663297663749543e-11
 -1.67716218211205129e-13  5.63947900546081474e-17  3.88649260012445900e-19
 -9.87476251881658828e-23 -5.20292886613870864e-25  1.13568290954350401e-28
1957+20    14-Jun-14  123000.00   56822.52083333330            29.124020 -0.512 -3.601
 298993178866.376275  622.122028784041   ao  300   12   335.250 0.0698   2.6180
  1.37600333457704033e-04  2.20922186848820923e+00  3.16833581165470394e-03
 -6.35753997339632985e-06 -3.46107237056263015e-08  4.40685507186109786e-11
  1.42240645252034003e-13 -2.88201154250563965e-16 -6.12140087984792465e-22
  6.47663144208388884e-21 -4.60450342904093416e-24 -9.10726560860312125e-26
1957+20    14-Jun-14  173000.00   56822.72916666660            29.124020 -0.518 -6.994
 299004377726.344845  622.122028784041   ao  300   12   335.250 0.6153   2.6180
 -7.32603360371897327e-08  1.49053030033664036e+00 -2.48940020041643921e-03
  9.73024163166699309e-06  2.79268729202668614e-08 -6.31156440764577549e-11
 -1.22238460707799267e-13  1.95430306223656381e-16  2.85616217842130465e-19
 -3.50817555136324672e-22 -3.92308908408464532e-25  3.98570230021044852e-28
1957+20    14-Jun-14  213000.00   56822.89583333330            29.124020 -0.531 -6.662
 299013336662.441874  622.122028784041   ao  300   12   335.250 0.0517   2.6180
 -1.22944436811711633e-07  2.21424005841526883e+00  3.44347237038209646e-03
 -5.18744469738206641e-06 -3.67635141482037085e-08  3.33329948083201635e-11
  1.59429046716571374e-13 -1.03855796539474450e-16 -3.71173909579779594e-19
  1.85092450994304708e-22  5.15884834494735471e-25 -8.56025181185140669e-29
1957+20    15-Jun-14   23000.00   56823.10416666660            29.124020 -0.533 -3.645
 299024535551.718768  622.122028784041   ao  300   12   335.250 0.5972   2.6180
 -5.74812938113344885e-05  1.59814575893799726e+00 -2.91242022947476925e-03
  8.33150092590216849e-06  3.10812692674590194e-08 -5.40006181337849634e-11
 -1.29431542699709094e-13  5.04939986760660113e-17  4.87587130134656487e-20
  4.90519410094372432e-21  3.73482127547991257e-24 -7.95380431008950843e-26
1957+20    15-Jun-14   73000.00   56823.31249999990            29.124020 -0.516 -7.010
 299035734260.319851  622.122028784041   ao  300   12   335.250 0.1426   2.6180
  1.42766948367512025e-08  2.44148307742804693e+00  1.98842000861637353e-03
 -1.11827367327518810e-05 -2.27711788022219659e-08  7.31450053071624629e-11
  9.95232164508189401e-14 -2.27723119534740252e-16 -2.30016764948686352e-19
  4.15538489224964653e-22  3.06359276953773541e-25 -4.87979232350817021e-28
1957+20    15-Jun-14  123000.00   56823.52083333330            29.124020 -0.503 -4.416
 299046933076.362385  622.122028784041   ao  300   12   335.250 0.6880   2.6180
 -2.25203757188525630e-05  1.27770311997934050e+00 -1.21989994583001759e-03
  1.31832650552996646e-05  1.30459917574723242e-08 -8.54178203956110017e-11
 -5.67442085699552915e-14  2.89640608770821883e-16  1.33202561337945769e-19
 -1.42932869678815651e-21 -2.42207649005162811e-25  1.36982142189144194e-26
1957+20    15-Jun-14  173000.00   56823.72916666660            29.124020 -0.510 -7.020
 299058131816.696211  622.122028784041   ao  300   12   335.250 0.2334   2.6180
 -1.40549842096368560e-07  2.53569703431472515e+00  2.78556271025042965e-04
 -1.37162360479456946e-05 -2.16939378295711814e-09  8.97872482038753304e-11
  8.63649300336063768e-15 -2.78729284088389060e-16 -1.83051825821993823e-20
  5.01577128282941803e-22  1.85869054352068673e-26 -5.48033214998599478e-28
1957+20    15-Jun-14  213000.00   56823.89583333330            29.124020 -0.522 -6.410
 299067090863.126986  622.122028784041   ao  300   12   335.250 0.6699   2.6180
 -1.83163168221076034e-07  1.37681695320279096e+00 -1.50461646737267037e-03
  1.23084270283756845e-05  1.70493914265242329e-08 -8.08937088673463829e-11
 -7.48569819839484191e-14  2.51960395778493186e-16  1.74297266266958379e-19
 -4.77622574834671485e-22 -2.08024258367554263e-25  9.23357405764672115e-28
1957+20    16-Jun-14   23000.00   56824.10416666660            29.124020 -0.524 -4.299
 299078289613.630806  622.122028784041   ao  300   12   335.250 0.2153   2.6180
  1.11360914649373186e-05  2.57964669387819034e+00  5.36893388670339495e-04
 -1.37518918439513804e-05 -6.38415296860225907e-09  8.87257386376722632e-11
  2.61964744543678537e-14 -2.56126890004641560e-16  2.71167080693405238e-20
 -4.55625397008523089e-22 -1.52649344795551526e-24  1.56505758819002286e-26
1957+20    16-Jun-14   73000.00   56824.31249999990            29.124020 -0.507 -7.030
 299089488390.450903  622.122028784041   ao  300   12   335.250 0.7608   2.6180
 -5.27071495810306490e-08  1.26180394879801860e+00  3.11318554854302793e-04
  1.37249864397345236e-05 -4.53475541839570722e-09 -8.94450247637335028e-11
  2.02588585810146620e-14  2.78436634219539042e-16 -4.62894822133006149e-20
 -5.08337956866820348e-22  5.93312086389555664e-26  5.90850220524994548e-28
1957+20    16-Jun-14  123000.00   56824.52083333330            29.124020 -0.494 -4.535
 299100687173.989664  622.122028784041   ao  300   12   335.250 0.3062   2.6180
 -1.32668805807529058e-05  2.42474007759895160e+00 -1.45052896386967567e-03
 -1.25059219166052138e-05  1.55661747951836595e-08  8.22620267424063632e-11
 -6.82743211753966026e-14 -2.40787908557214273e-16  1.88767410644949872e-19
 -6.69942520654653507e-23 -7.43160344151362514e-25  6.39205166919858000e-27
1957+20    16-Jun-14  173000.00   56824.72916666660            29.124020 -0.501 -7.097
 299111885868.110705  622.122028784041   ao  300   12   335.250 0.8516   2.6180
 -8.60732133674962929e-08  1.38048799064754957e+00  2.40345127308917847e-03
  1.06837592197564407e-05 -2.52907456594477199e-08 -6.94596679714144482e-11
  1.09492113080303276e-13  2.16240355025407607e-16 -2.55285054125637832e-19
 -3.93484792133448702e-22  3.50011501870204928e-25  4.28497467478733323e-28
1957+20    16-Jun-14  213000.00   56824.89583333330            29.124020 -0.513 -5.850
 299120844930.835358  622.122028784041   ao  300   12   335.250 0.2881   2.6180
 -8.58891410595793992e-07  2.52134588354003863e+00 -9.67543021309871690e-04
 -1.33158140508129123e-05  1.11852037510928993e-08  8.62243938534516200e-11
 -4.91072224911492425e-14 -2.65432580932117439e-16  1.08727606922031743e-19
  4.02292114405950846e-22 -3.09190090593966625e-26  8.23396899846644602e-28
1957+20    17-Jun-14   23000.00   56825.10416666660            29.124020 -0.514 -3.371
 299132043658.211320  622.122028784041   ao  300   12   335.250 0.8335   2.6180
 -2.16211710865246015e-05  1.38793524398062051e+00  1.91482317283131844e-03
  1.14114502627911221e-05 -2.14173874944659552e-08 -7.44526724288717734e-11
  9.25293106762823216e-14  1.57036345262278823e-16 -1.03922045024983562e-19
  2.29378622357258341e-21 -2.70269365039131564e-24 -3.15370052103949431e-26
1957+20    17-Jun-14   73000.00   56825.31249999990            29.124020 -0.497 -7.010
 299143242494.439702  622.122028784041   ao  300   12   335.250 0.3789   2.6180
 -2.07707052789912749e-08  2.26855574536598326e+00 -2.87313498600312058e-03
 -8.93882995302144390e-06  3.00821179969899184e-08  5.84673737901686568e-11
 -1.30033852171043008e-13 -1.81306311159774458e-16  3.00556241167235323e-19
  3.25407012268917415e-22 -4.00739878571083102e-25 -3.58514058798379494e-28
1957+20    17-Jun-14  123000.00   56825.52083333330            29.124020 -0.484 -4.370
 299154441146.113587  622.122028784041   ao  300   12   335.250 0.9243   2.6180
 -9.60482696950662462e-06  1.54733698779102125e+00  3.28449040805490556e-03
  5.82319203984062093e-06 -3.59174496498374211e-08 -3.72728869336815927e-11
  1.55020972429941721e-13  1.27201285895811922e-16 -2.95856373826304942e-19
 -5.87884464025191012e-22 -6.15943986848990483e-25  4.70857906156289222e-27
1957+20    17-Jun-14  173000.00   56825.72916666660            29.124020 -0.492 -6.959
 299165639992.891530  622.122028784041   ao  300   12   335.250 0.4698   2.6180
 -1.77968307427806005e-07  1.92191946821639092e+00 -3.49330860283949369e-03
 -1.83469985717556367e-06  3.88374678975408194e-08  1.22855406481941449e-11
 -1.69372470904644013e-13 -3.86296226520667618e-17  3.92188343703360843e-19
  7.24887879883447824e-23 -5.24004130042298839e-25 -9.16011807873731572e-29
1957+20    17-Jun-14  210000.00   56825.87500000000            29.124020 -0.502 -6.832
 299173479029.792449  622.122028784041   ao  300   12   335.250 0.8517   2.6180
  4.14451611172733658e-08  1.38661120496901691e+00  2.38974735666125804e-03
  1.05384617920595323e-05 -2.52651381346922338e-08 -6.93296147953152935e-11
  1.09456833774995940e-13  2.16296337211163069e-16 -2.55161979170185395e-19
 -3.96764431166059702e-22  3.49160067395083363e-25  4.74555793455463242e-28
1957+20    18-Jun-14   20000.00   56826.08333333330            29.124020 -0.506 -3.569
 299184677874.124079  622.122028784041   ao  300   12   335.250 0.3971   2.6180
 -4.79636004516934000e-05  2.24250995038454271e+00 -3.05063021443217073e-03
 -7.88001402288158277e-06  3.26671656190010042e-08  5.17959254036170265e-11
 -1.40949075838177300e-13 -2.70402628184693830e-16  3.49501656914410162e-19
  4.54147305451464383e-21 -1.58264659407276412e-24 -5.75949093332328279e-26
1957+20    18-Jun-14   70000.00   56826.29166666660            29.124020 -0.490 -7.035
 299195876530.179174  622.122028784041   ao  300   12   335.250 0.9425   2.6180
 -5.69636957811758826e-08  1.63502966482183898e+00  3.32718136432416222e-03
  4.20142304193005929e-06 -3.73699872551445041e-08 -2.73357286220937897e-11
  1.63432636299103462e-13  8.48099925478465886e-17 -3.82024921719198006e-19
 -1.52275523166086313e-22  5.25048251365007356e-25  1.59916634766647453e-28
1957+20    18-Jun-14  120000.00   56826.50000000000            29.124020 -0.475 -3.726
 299207075373.869674  622.122028784041   ao  300   12   335.250 0.4880   2.6180
  6.47022049902780394e-05  1.78838941975101418e+00 -3.65316414695470836e-03
 -1.63794522069209638e-07  3.94113380149591543e-08  3.25376632775803794e-12
 -1.70843458461341183e-13 -1.12981442261947393e-16  3.43956383298341187e-19
  3.88474064695951081e-21  7.37560290396816682e-25 -5.23335786465130705e-26
1957+20    18-Jun-14  170000.00   56826.70833333330            29.124020 -0.481 -7.072
 299218273994.764573  622.122028784041   ao  300   12   335.250 0.0334   2.6180
 -3.93797480804924938e-08  1.95992542573885853e+00  3.58771512896803981e-03
 -3.51384512389281341e-06 -3.82099995938177671e-08  2.33673850970837831e-11
  1.65673726977869240e-13 -7.34164885001336296e-17 -3.85518923394748933e-19
  1.35952892672975478e-22  5.24465843893039793e-25 -1.43021522397385134e-28
1957+20    18-Jun-14  210000.00   56826.87500000000            29.124020 -0.493 -6.784
 299227233096.989808  622.122028784041   ao  300   12   335.250 0.4698   2.6180
 -1.27044366349943205e-07  1.92747933783078906e+00 -3.50821553346087949e-03
 -1.98345764494510224e-06  3.88601602429999518e-08  1.24403718734043315e-11
 -1.69385050551421793e-13 -3.86665904886462050e-17  3.92195938486447480e-19
  6.98778006233741471e-23 -5.23269608779972701e-25 -5.16610514555087515e-29
1957+20    19-Jun-14   20000.00   56827.08333333330            29.124020 -0.496 -4.399
 299238431739.516112  622.122028784041   ao  300   12   335.250 0.0153   2.6180
 -1.26864149854709340e-05  1.94552340171557003e+00  3.53107230255821124e-03
 -2.19495413645748188e-06 -3.89168877291587743e-08  1.37601214694967151e-11
  1.70695642414688662e-13 -6.72270313567802263e-17 -4.41599437733649881e-19
  1.12534259647915630e-21  1.20445735505935667e-24 -1.56344669151775177e-26
1957+20    19-Jun-14   70000.00   56827.29166666660            29.124020 -0.480 -7.026
 299249630588.871571  622.122028784041   ao  300   12   335.250 0.5607   2.6180
 -1.29664274459845297e-07  1.52463077021896054e+00 -3.41091591060323088e-03
  5.81116789920123562e-06  3.59213982710695706e-08 -3.77733592395257622e-11
 -1.55594403861286508e-13  1.16606207407951645e-16  3.61586600669272393e-19
 -2.05369526029516135e-22 -4.91535463585942800e-25  2.01120511504091030e-28
1957+20    19-Jun-14  120000.00   56827.50000000000            29.124020 -0.466 -4.387
 299260829221.193264  622.122028784041   ao  300   12   335.250 0.1061   2.6180
 -1.21929872919437909e-06  2.15586080883656539e+00  2.69388171902074222e-03
 -8.92852105546334648e-06 -2.95822248175998345e-08  5.91034496455438108e-11
  1.27416075563755149e-13 -1.78969591290611547e-16 -2.36410805886880778e-19
  2.03859014669849028e-22 -6.13885487357864288e-25  5.10995039722980750e-28
1957+20    19-Jun-14  170000.00   56827.70833333330            29.124020 -0.472 -7.131
 299272028012.103491  622.122028784041   ao  300   12   335.250 0.6515   2.6180
  5.55924736106438999e-09  1.22502035556776789e+00 -1.85204375129228364e-03
  1.17086964671475229e-05  2.09701724355955113e-08 -7.60075339950006779e-11
 -9.20234177277043362e-14  2.35712023967394652e-16  2.15878025920065271e-19
 -4.24674407468855309e-22 -2.99831214333434254e-25  4.72715385848778051e-28
1957+20    19-Jun-14  210000.00   56827.87500000000            29.124020 -0.484 -6.785
 299280986921.922778  622.122028784041   ao  300   12   335.250 0.0880   2.6180
 -3.12108569249652801e-08  2.16628205055799583e+00  3.05709450176402118e-03
 -7.94563535714796737e-06 -3.25369426259533281e-08  5.13606887403394507e-11
  1.40914537209917035e-13 -1.59942163178268347e-16 -3.26574904052120833e-19
  2.91671871089112655e-22  4.38523277239226259e-25 -3.07549843967237320e-28
1957+20    20-Jun-14   20000.00   56828.08333333330            29.124019 -0.486 -4.183
 299292185744.193303  622.122028784041   ao  300   12   335.250 0.6334   2.6180
 -1.74175198218214783e-05  1.32248432408023464e+00 -2.33179545006197229e-03
  1.05686460064853026e-05  2.48341842290984587e-08 -6.95261622832912901e-11
 -1.05739450565420860e-13  1.87411220241478901e-16  1.40889317185626548e-19
  9.69520748515539108e-22  1.50314836973178559e-24 -2.14931018754658008e-26
1957+20    20-Jun-14   70000.00   56828.29166666660            29.124019 -0.470 -7.075
 299303384421.007085  622.122028784041   ao  300   12   335.250 0.1788   2.6180
  2.71545556396537990e-08  2.33959983194198085e+00  1.26767956395156759e-03
 -1.27146102487295352e-05 -1.49476785887710689e-08  8.30744156660489696e-11
  6.54641523069254980e-14 -2.58246625515018119e-16 -1.50476317922514304e-19
  4.68485464072129005e-22  1.95792992986161465e-25 -5.36660986524156746e-28
1957+20    20-Jun-14  120000.00   56828.50000000000            29.124019 -0.456 -4.512
 299314583161.800063  622.122028784041   ao  300   12   335.250 0.7243   2.6180
  8.08884816612181687e-06  1.07122967844650030e+00 -4.23167201503564169e-04
  1.38747186654675814e-05  4.33910921411119178e-09 -8.96051301539570474e-11
 -2.03422345519922477e-14  2.70759709838303817e-16  1.08388610318481458e-19
 -1.31075371746665005e-22 -1.04323673630081187e-24 -5.51251060051333977e-27
1957+20    20-Jun-14  170000.00   56828.70833333330            29.124019 -0.462 -7.055
 299325781874.140823  622.122028784041   ao  300   12   335.250 0.2697   2.6180
 -5.07931495483462947e-08  2.34903831145256037e+00 -5.45567716496106426e-04
 -1.35119303056126863e-05  6.76124825317947119e-09  8.84741496479955754e-11
 -3.01256035283404903e-14 -2.74425981480482366e-16  7.11521078343343898e-20
  4.91475803976400294e-22 -1.00360168031787596e-25 -5.22304952839352059e-28
