1957+20     8-Jun-14  220000.00   56816.91666666660            29.124020 -0.582 -6.070
 298691930964.245455  622.122028784041   ao  300   12   350.000 0.3973   2.6180
 -8.03027051150123627e-07  2.52737381931991889e+00 -2.92753783551109349e-03
 -7.81810900434616352e-06  3.25069108457599947e-08  5.03901961634991337e-11
 -1.41647605135790177e-13 -1.55052008228563813e-16  3.23856236879539513e-19
  2.33691248648825877e-22 -3.55846510878170527e-25  5.15776969350895626e-28
1957+20     9-Jun-14   30000.00   56817.12499999990            29.124020 -0.584 -4.125
 298703129716.754645  622.122028784041   ao  300   12   350.000 0.9427   2.6180
  4.81844100736622538e-06  1.98736242847993738e+00  3.39319340502187939e-03
  4.03067393637962292e-06 -3.74733187505203221e-08 -2.71166040885955576e-11
  1.62254442237023607e-13  8.79714566641742105e-17 -3.05701195522984349e-19
 -4.61476280159923537e-22 -9.60850880268662942e-25  7.26286142183199477e-27
1957+20     9-Jun-14   80000.00   56817.33333333320            29.124020 -0.567 -7.028
 298714328667.119884  622.122028784041   ao  300   12   350.000 0.4881   2.6180
  8.52163540496220229e-08  2.13124798319281439e+00 -3.74211506259940424e-03
 -2.77572092204157792e-07  3.95469973848843191e-08  2.01689088921695029e-12
 -1.71201879651250508e-13 -6.75041313017187442e-18  3.96231352345898127e-19
  1.35721536990583862e-23 -5.30458177880783880e-25  3.16450656078908925e-30
1957+20     9-Jun-14  130000.00   56817.54166666660            29.124020 -0.554 -4.474
 298725527380.900237  622.122028784041   ao  300   12   350.000 0.0335   2.6180
 -1.12526576167247538e-05  2.23421324684629408e+00  3.47886961229188158e-03
 -3.42897650520470745e-06 -3.80192489264917887e-08  2.31593400217529641e-11
  1.64488881329525130e-13 -6.03971955538273839e-17 -3.36345651810248501e-19
 -2.97267278660097224e-22 -2.72888795400951458e-25  5.28402007376199612e-27
1957+20     9-Jun-14  180000.00   56817.74999999990            29.124020 -0.562 -7.031
 298736726301.571432  622.122028784041   ao  300   12   350.000 0.5789   2.6180
 -8.57169613326796975e-08  1.76650551167280145e+00 -2.99437411675955965e-03
  7.24736620721499748e-06  3.34395799358377493e-08 -4.69413478360651563e-11
 -1.46143093621939845e-13  1.45019927146526344e-16  3.40443465933604403e-19
 -2.57404384539236928e-22 -4.63652119964850266e-25  2.72508915061813194e-28
1957+20     9-Jun-14  213000.00   56817.89583333330            29.124020 -0.573 -6.742
 298744565382.125681  622.122028784041   ao  300   12   350.000 0.9609   2.6180
 -1.24162409416428421e-08  2.01605510161773127e+00  3.63755277729912877e-03
  2.56144316231018879e-06 -3.88224584028467742e-08 -1.72048722394532396e-11
  1.68521861245785894e-13  5.34749960768170853e-17 -3.93161229770207846e-19
 -9.55504504828316344e-23  5.37188073583989171e-25  1.05970266972646110e-28
1957+20    10-Jun-14   23000.00   56818.10416666660            29.124020 -0.576 -3.908
 298755764333.840403  622.122028784041   ao  300   12   350.000 0.5063   2.6180
  9.97915010821082138e-06  2.09331435616864869e+00 -3.65415332944905077e-03
  1.11188213994485658e-06  3.92718150024433788e-08 -8.48025502585381075e-12
 -1.69329238185655594e-13  5.72746476667322537e-17  3.13825871190706726e-19
 -1.09231653648840161e-21  1.12351539433184336e-24  1.21015373065086241e-26
1957+20    10-Jun-14   73000.00   56818.31249999990            29.124020 -0.561 -6.977
 298766963061.282107  622.122028784041   ao  300   12   350.000 0.0517   2.6180
  9.51449995890280009e-08  2.32650862078545950e+00  3.24414271494688315e-03
 -5.07619477283418249e-06 -3.64411694424979851e-08  3.32488767317177584e-11
  1.59203047538433066e-13 -1.04070685086829089e-16 -3.70612141550147553e-19
  1.93908123116983873e-22  5.04642943425600724e-25 -2.41902947451192375e-28
1957+20    10-Jun-14  123000.00   56818.52083333330            29.124020 -0.546 -4.204
 298778161971.554537  622.122028784041   ao  300   12   350.000 0.5972   2.6180
  2.61706486203560490e-05  1.64909280021844173e+00 -2.88609640474854750e-03
  8.64785021210710483e-06  3.10936240017563357e-08 -5.50139100829523289e-11
 -1.35754020353802511e-13  1.30147555883277647e-16  3.25622712486051048e-19
  1.24617422863553729e-21 -4.33065671613717847e-25 -2.11618544827238460e-26
1957+20    10-Jun-14  173000.00   56818.72916666660            29.124020 -0.552 -7.021
 298789360705.233007  622.122028784041   ao  300   12   350.000 0.1426   2.6180
 -9.63215466796840669e-08  2.57684533118741843e+00  2.20099493525068935e-03
 -1.11411101297117132e-05 -2.31016667009548728e-08  7.31180689382776490e-11
  9.97010866605849156e-14 -2.27696618668659566e-16 -2.29882237153326611e-19
  4.13102232540114620e-22  3.04325710706574219e-25 -4.47973670161186548e-28
1957+20    10-Jun-14  213000.00   56818.89583333330            29.124020 -0.565 -6.777
 298798319842.523270  622.122028784041   ao  300   12   350.000 0.5791   2.6180
 -7.61653704463988168e-08  1.77672515502192563e+00 -3.00879651565403748e-03
  7.10038712059808880e-06  3.34630541078325193e-08 -4.67985316317300552e-11
 -1.46160332269529937e-13  1.44986872935871496e-16  3.40378676960278217e-19
 -2.58737607519914121e-22 -4.61847564331696816e-25  2.92773097702338755e-28
1957+20    11-Jun-14   23000.00   56819.10416666660            29.124020 -0.568 -4.302
 298809518590.555331  622.122028784041   ao  300   12   350.000 0.1245   2.6180
 -1.44027456198819737e-05  2.58984401858581093e+00  2.38273478464840231e-03
 -1.03777857470277565e-05 -2.63911069792295897e-08  6.72007043674967043e-11
  1.15849728966322176e-13 -2.37660337325095080e-16 -3.04208797393840474e-19
  1.58328810482282483e-21  8.46622590104243398e-25 -1.78818157617675387e-26
1957+20    11-Jun-14   73000.00   56819.31249999990            29.124020 -0.552 -7.003
 298820717476.710571  622.122028784041   ao  300   12   350.000 0.6699   2.6180
 -5.55530455144392921e-09  1.48955825963120914e+00 -1.70111938007913750e-03
  1.24303888831805011e-05  1.73540855244017059e-08 -8.10186192359146049e-11
 -7.50339208765413539e-14  2.51555719987548492e-16  1.75929897864840012e-19
 -4.53525722737014323e-22 -2.43942669865269517e-25  4.93196996519591473e-28
1957+20    11-Jun-14  123000.00   56819.52083333330            29.124020 -0.538 -4.168
 298831916248.711196  622.122028784041   ao  300   12   350.000 0.2153   2.6180
 -1.07365519083761109e-05  2.63328019501806576e+00  5.65265683918478941e-04
 -1.34411024655422839e-05 -6.41966328795479357e-09  8.82945013275949878e-11
  2.64420542076674801e-14 -2.53991290339771982e-16  1.11939268907841571e-20
 -1.92591821009172577e-22 -1.19881013613687929e-24  7.75562834816006080e-27
1957+20    11-Jun-14  173000.00   56819.72916666660            29.124020 -0.544 -7.021
 298843115051.569905  622.122028784041   ao  300   12   350.000 0.7608   2.6180
 -4.24378813713641168e-08  1.40105900638095560e+00  5.26479082819285228e-04
  1.37632415231876446e-05 -4.88825751610191172e-09 -8.94796099308021075e-11
  2.05291907917316263e-14  2.78423854547248708e-16 -4.62986060709618031e-20
 -5.07702017038126332e-22  5.64564396131230044e-26  5.86165998924129798e-28
1957+20    11-Jun-14  213000.00   56819.89583333330            29.124020 -0.556 -6.733
 298852074093.126973  622.122028784041   ao  300   12   350.000 0.1972   2.6180
 -1.33986826686589844e-07  2.68612877660955851e+00  1.07852135536619853e-03
 -1.33540533348801690e-05 -1.09917468475465836e-08  8.65954988380661826e-11
  4.70586643403012575e-14 -2.68668721188487357e-16 -1.07250652596724796e-19
  4.83501656741316602e-22  1.37055150888724418e-25 -5.08904172621817679e-28
1957+20    12-Jun-14   23000.00   56820.10416666660            29.124020 -0.559 -4.354
 298863272931.294322  622.122028784041   ao  300   12   350.000 0.7427   2.6180
 -1.35818275548570567e-05  1.45365600477034707e+00 -2.91721294450639355e-05
  1.36410812545095891e-05 -1.81083316501758568e-10 -8.96732798561378648e-11
  2.31550920707325522e-15  2.55280694995937861e-16 -6.96683983446885440e-20
  5.83618816577134555e-22  1.08561962858257325e-24 -1.63598119942935005e-26
1957+20    12-Jun-14   73000.00   56820.31249999990            29.124020 -0.543 -6.977
 298874471762.536644  622.122028784041   ao  300   12   350.000 0.2881   2.6180
 -9.39889152262382566e-08  2.63487652701123176e+00 -1.16509760518790427e-03
 -1.31895882115058417e-05  1.15157398602543919e-08  8.61095127672525952e-11
 -4.94872747162135220e-14 -2.66925102327189098e-16  1.15242372099090712e-19
  4.78521417645492934e-22 -1.56890536256336466e-25 -5.24165209432864702e-28
1957+20    12-Jun-14  123000.00   56820.52083333330            29.124020 -0.529 -4.518
 298885670511.799202  622.122028784041   ao  300   12   350.000 0.8335   2.6180
  4.89341639436056963e-06  1.44423914406376075e+00  1.94925922395791803e-03
  1.17223225774956418e-05 -2.14687947156043165e-08 -7.56364214466545041e-11
  9.22864070122567532e-14  2.31745856181851712e-16 -1.59136422563395993e-19
 -2.15274930611408139e-22 -6.33360990146891998e-25 -3.34510429168055975e-27
1957+20    12-Jun-14  173000.00   56820.72916666660            29.124020 -0.536 -6.921
 298896869375.176249  622.122028784041   ao  300   12   350.000 0.3789   2.6180
 -2.14061595860473575e-07  2.41160081778990909e+00 -2.65980686721913571e-03
 -8.90124232384964933e-06  2.97525262326137360e-08  5.84088824260683607e-11
 -1.29862879863593303e-13 -1.81223816177318540e-16  3.00541652188674229e-19
  3.25456824881365882e-22 -4.00032938689928273e-25 -3.58632234914749392e-28
1957+20    12-Jun-14  213000.00   56820.89583333330            29.124020 -0.548 -6.818
 298905828350.875802  622.122028784041   ao  300   12   350.000 0.8154   2.6180
  7.49958249494919738e-09  1.47770167976920996e+00  1.69698438346401240e-03
  1.22449936729589806e-05 -1.77434817844826974e-08 -8.05070149449417509e-11
  7.66670442012188330e-14  2.51137399628863426e-16 -1.78312690802990717e-19
 -4.60775910330822365e-22  2.45380484831085064e-25  5.59960039553935907e-28
1957+20    13-Jun-14   23000.00   56821.10416666660            29.124020 -0.551 -3.674
 298917027227.055559  622.122028784041   ao  300   12   350.000 0.3608   2.6180
  2.77344909953188001e-05  2.51970005412575615e+00 -2.51890235164138393e-03
 -1.02541818394137255e-05  2.69122425688114537e-08  6.58494890396833757e-11
 -1.22356264240877642e-13 -1.71627158432210006e-16  5.86134720780213999e-19
 -1.58390663600158699e-21 -6.05000341445410707e-24  3.64048270985696027e-26
1957+20    13-Jun-14   73000.00   56821.31249999990            29.124020 -0.534 -6.991
 298928225946.566128  622.122028784041   ao  300   12   350.000 0.9063   2.6180
 -1.84978412275105253e-09  1.67013941828546675e+00  2.99076602452174505e-03
  7.07168018542517412e-06 -3.36962310733081641e-08 -4.60499816696152887e-11
  1.47438101942879985e-13  1.43274343540106735e-16 -3.44736058368372402e-19
 -2.60836722142933278e-22  4.74180848094404595e-25  2.96268531799984923e-28
1957+20    13-Jun-14  123000.00   56821.52083333330            29.124020 -0.521 -4.452
 298939424833.665108  622.122028784041   ao  300   12   350.000 0.4517   2.6180
  1.33093959868609002e-05  2.10043291657438003e+00 -3.53465286914271841e-03
 -3.26319251708839319e-06  3.81830128242570145e-08  2.23364912870367754e-11
 -1.67412338084807759e-13 -8.39680518933737093e-17  4.55629464036478589e-19
  7.60782176105813769e-22 -1.61362789186639948e-24 -9.91425191078720779e-27
1957+20    13-Jun-14  173000.00   56821.72916666660            29.124020 -0.527 -7.015
 298950623505.670393  622.122028784041   ao  300   12   350.000 0.9971   2.6180
 -7.11524767021964877e-08  1.98950482805629636e+00  3.71283378211314163e-03
 -4.17587642250698663e-07 -3.95469401560530265e-08  3.11257338827904487e-12
  1.71562092026848110e-13 -1.03326334827675984e-17 -3.99984551060601062e-19
  2.21601717591644889e-23  5.48026923724570356e-25 -3.41478787251105280e-29
1957+20    13-Jun-14  213000.00   56821.89583333330            29.124020 -0.539 -6.744
 298959582648.030882  622.122028784041   ao  300   12   350.000 0.4336   2.6180
 -2.09425337103358311e-07  2.23955193993454182e+00 -3.30552857427896972e-03
 -5.02649137622964431e-06  3.66368577870023292e-08  3.22385479187455753e-11
 -1.59672190266371153e-13 -9.98314442671475394e-17  3.69195792580826210e-19
  1.77014095751937256e-22 -4.86539647319066630e-25 -1.34844466989052403e-28
1957+20    14-Jun-14   23000.00   56822.10416666660            29.124020 -0.542 -4.351
 298970781344.681445  622.122028784041   ao  300   12   350.000 0.9790   2.6180
 -4.03277467062729267e-06  1.97161484709448454e+00  3.55567383805456246e-03
  9.43746030080031129e-07 -3.92130764408019341e-08 -6.82607423890048527e-12
  1.70846729651106228e-13  9.39680315925967460e-18 -3.81058665907810571e-19
  3.85725708228532368e-22  1.03406476740716763e-25 -5.02140371260224319e-27
1957+20    14-Jun-14   73000.00   56822.31249999990            29.124020 -0.525 -6.960
 298981980249.289256  622.122028784041   ao  300   12   350.000 0.5244   2.6180
 -1.55273575257880436e-07  1.83083200642981780e+00 -3.66825817940176968e-03
  2.84165047695079254e-06  3.87306330058075921e-08 -1.83611970549241962e-11
 -1.67719850267255756e-13  5.63406819026347046e-17  3.88732715891984879e-19
 -9.69935248632988529e-23 -5.21530014610279790e-25  8.65497214783255610e-29
1957+20    14-Jun-14  123000.00   56822.52083333330            29.124020 -0.512 -3.601
 298993178921.569361  622.122028784041   ao  300   12   350.000 0.0699   2.6180
  1.37556726151307970e-04  2.20919143714881683e+00  3.16843000541554591e-03
 -6.35687902472716868e-06 -3.46117643975260651e-08  4.40638284805502737e-11
  1.42248269630985682e-13 -2.88149486573903134e-16 -7.65677528871330256e-22
  6.47505080452033577e-21 -4.60223923502365274e-24 -9.10493224312469231e-26
1957+20    14-Jun-14  173000.00   56822.72916666660            29.124020 -0.518 -6.981
 299004377781.541535  622.122028784041   ao  300   12   350.000 0.6153   2.6180
 -1.26262290865708504e-07  1.49055534513216603e+00 -2.48953720789799483e-03
  9.72970430140158894e-06  2.79283649877202234e-08 -6.31115341069930811e-11
 -1.22244823035847014e-13  1.95357692468078033e-16  2.85623865552712532e-19
 -3.48177157437228186e-22 -3.92157920230404558e-25  3.58406489434770691e-28
1957+20    14-Jun-14  213000.00   56822.89583333330            29.124020 -0.531 -6.685
 299013336717.635481  622.122028784041   ao  300   12   350.000 0.0517   2.6180
 -1.07425490242923916e-07  2.21420857407890015e+00  3.44354382698826983e-03
 -5.18675135332761717e-06 -3.67643107922267694e-08  3.33282569486666493e-11
  1.59433449604971407e-13 -1.03816902268941378e-16 -3.71221489093093758e-19
  1.83930246842143307e-22  5.16498779628604183e-25 -6.76053851810626171e-29
1957+20    15-Jun-14   23000.00   56823.10416666660            29.124020 -0.533 -3.645
 299024535606.915357  622.122028784041   ao  300   12   350.000 0.5972   2.6180
 -5.75129979242840206e-05  1.59817249956603313e+00 -2.91254227811805957e-03
  8.33091229264813124e-06  3.10825791167955956e-08 -5.39967640427338441e-11
 -1.29436453080935971e-13  5.04842617678549576e-17  4.87262636619690260e-20
  4.90509133550116506e-21  3.73565617227924189e-24 -7.95363803940624745e-26
1957+20    15-Jun-14   73000.00   56823.31249999990            29.124020 -0.516 -6.984
 299035734315.511962  622.122028784041   ao  300   12   350.000 0.1426   2.6180
  4.31202381578899008e-08  2.44146232916385753e+00  1.98857957924318453e-03
 -1.11822987454959256e-05 -2.27728866806956395e-08  7.31420378836116869e-11
  9.95281006811264185e-14 -2.27700995100078248e-16 -2.29919360565680223e-19
  4.14898999604769836e-22  3.04580439489789466e-25 -4.77472249114434646e-28
1957+20    15-Jun-14  123000.00   56823.52083333330            29.124020 -0.503 -4.416
 299046933131.559630  622.122028784041   ao  300   12   350.000 0.6880   2.6180
 -2.24968199202145100e-05  1.27771434080892754e+00 -1.22008377164678559e-03
  1.31830182196038540e-05  1.30480197662455122e-08 -8.54163280793806337e-11
 -5.67545801581623644e-14  2.89651701879502544e-16  1.33299815002879035e-19
 -1.43008185622782554e-21 -2.43591574989674005e-25  1.37104539236929765e-26
1957+20    15-Jun-14  173000.00   56823.72916666660            29.124020 -0.510 -7.000
 299058131871.887692  622.122028784041   ao  300   12   350.000 0.2334   2.6180
 -1.32280263658544894e-07  2.53569583587808101e+00  2.78752673882664030e-04
 -1.37162022609367052e-05 -2.17151570079344926e-09  8.97874871034286066e-11
  8.64478447989113247e-15 -2.78773026465294724e-16 -1.82803906757650069e-20
  5.03414241704782780e-22  1.78187845424920540e-26 -5.75946507974062789e-28
1957+20    15-Jun-14  213000.00   56823.89583333330            29.124020 -0.522 -6.386
 299067090918.324310  622.122028784041   ao  300   12   350.000 0.6699   2.6180
 -2.25499799051502581e-07  1.37683237605219877e+00 -1.50479400664030468e-03
  1.23080956207720355e-05  1.70513253084921218e-08 -8.08906682971368881e-11
 -7.48670476034716716e-14  2.51867181834182910e-16  1.74409767718924082e-19
 -4.74012627498680608e-22 -2.09765447492350073e-25  8.68957840858167490e-28
1957+20    16-Jun-14   23000.00   56824.10416666660            29.124020 -0.524 -4.299
 299078289668.822478  622.122028784041   ao  300   12   350.000 0.2153   2.6180
  1.11355142833296887e-05  2.57964068692759207e+00  5.37085636347344039e-04
 -1.37517673637190790e-05 -6.38626819300027974e-09  8.87247003342118613e-11
  2.62070610012541391e-14 -2.56096155304414977e-16  2.70260985649179667e-20
 -4.56979457065359258e-22 -1.52525263327927488e-24  1.56728705946936586e-26
1957+20    16-Jun-14   73000.00   56824.31249999990            29.124020 -0.507 -7.062
 299089488445.648340  622.122028784041   ao  300   12   350.000 0.7608   2.6180
 -8.31058647868861827e-08  1.26179911228698960e+00  3.11123931767937122e-04
  1.37250761395414286e-05 -4.53262360586088475e-09 -8.94452216571298944e-11
  2.02483340909173828e-14  2.78404653182299354e-16 -4.62086059678286416e-20
 -5.07068921002113189e-22  5.83087246215425914e-26  5.73634065216689468e-28
1957+20    16-Jun-14  123000.00   56824.52083333330            29.124020 -0.494 -4.534
 299100687229.181206  622.122028784041   ao  300   12   350.000 0.3062   2.6180
 -1.32992112143476976e-05  2.42475350964200898e+00 -1.45034722676186129e-03
 -1.25062162826109566e-05  1.55642049756515967e-08  8.22638759198145820e-11
 -6.82650829067949015e-14 -2.40786706835889820e-16  1.88721476700482557e-19
 -6.72870699743575580e-23 -7.42817238183750397e-25  6.39662881898520532e-27
1957+20    16-Jun-14  173000.00   56824.72916666660            29.124020 -0.501 -7.074
 299111885923.307407  622.122028784041   ao  300   12   350.000 0.8516   2.6180
 -1.88590697225432535e-08  1.38046664650370365e+00  2.40330051446131744e-03
  1.06842350648771647e-05 -2.52890986663186471e-08 -6.94632507082042658e-11
  1.09485216351765332e-13  2.16305352465105583e-16 -2.55297168786011853e-19
 -3.96140939932564203e-22  3.50646262755602470e-25  4.72597126085148369e-28
1957+20    16-Jun-14  213000.00   56824.89583333330            29.124020 -0.513 -5.840
 299120844986.026996  622.122028784041   ao  300   12   350.000 0.2881   2.6180
 -8.79937455518231548e-07  2.52135618675904372e+00 -9.67356042107234962e-04
 -1.33160302560896641e-05  1.11831591586579938e-08  8.62257019883030421e-11
 -4.90982494060097632e-14 -2.65426726954608444e-16  1.08711955565185728e-19
  4.01903679018827333e-22 -3.10821193850883061e-26  8.28546394304265801e-28
1957+20    17-Jun-14   23000.00   56825.10416666660            29.124020 -0.514 -3.371
 299132043713.408375  622.122028784041   ao  300   12   350.000 0.8335   2.6180
 -2.17435947360601622e-05  1.38791614597505908e+00  1.91465738290800972e-03
  1.14118563290891860e-05 -2.14155947975632164e-08 -7.44547431525073057e-11
  9.25213366755455097e-14  1.56988576668286196e-16 -1.03894692281944145e-19
  2.29607820257278231e-21 -2.70287486918529249e-24 -3.15714260521490772e-26
1957+20    17-Jun-14   73000.00   56825.31249999990            29.124020 -0.497 -7.016
 299143242549.632093  622.122028784041   ao  300   12   350.000 0.3789   2.6180
 -1.15948922449482517e-07  2.26858110575245853e+00 -2.87300707691616865e-03
 -8.93939359814344946e-06  3.00807273705176210e-08  5.84708055141748214e-11
 -1.30027292705236333e-13 -1.81297109768481093e-16  3.00506483140148221e-19
  3.24658973698245579e-22 -3.99958057456695502e-25 -3.47504241134964660e-28
1957+20    17-Jun-14  123000.00   56825.52083333330            29.124020 -0.484 -4.370
 299154441201.309023  622.122028784041   ao  300   12   350.000 0.9243   2.6180
 -9.59073743169586157e-06  1.54730554558835443e+00  3.28441135338442816e-03
  5.82387274882754365e-06 -3.59165715364877018e-08 -3.72771655608010399e-11
  1.55016431427237673e-13  1.27201617173378755e-16 -2.95805483239302793e-19
 -5.87391808318767745e-22 -6.16764859383718731e-25  4.70088759007588964e-27
1957+20    17-Jun-14  173000.00   56825.72916666660            29.124020 -0.492 -6.967
 299165640048.085404  622.122028784041   ao  300   12   350.000 0.4698   2.6180
 -2.07820488627025179e-07  1.92195405357288296e+00 -3.49328129325741183e-03
 -1.83544192596703208e-06  3.88371701884527012e-08  1.22903461483091279e-11
 -1.69370475947340295e-13 -3.86391306578703242e-17  3.92144735845220025e-19
  7.21830954664803376e-23 -5.23246921771917602e-25 -8.53390059491659010e-29
1957+20    17-Jun-14  210000.00   56825.87500000000            29.124020 -0.502 -6.823
 299173479084.989170  622.122028784041   ao  300   12   350.000 0.8517   2.6180
  2.50392883927030852e-08  1.38658978730599913e+00  2.38959533826016120e-03
  1.05389362059733831e-05 -2.52635021082844146e-08 -6.93326676373955655e-11
  1.09451069023998581e-13  2.16297911253664225e-16 -2.55215306302268495e-19
 -3.96301258482579894e-22  3.50322910045254569e-25  4.65028034549658880e-28
1957+20    18-Jun-14   20000.00   56826.08333333330            29.124020 -0.506 -3.569
 299184677929.316835  622.122028784041   ao  300   12   350.000 0.3971   2.6180
 -4.78667607609565421e-05  2.24253811919315993e+00 -3.05052175786506893e-03
 -7.88063298044773079e-06  3.26659728173855770e-08  5.18001277236019743e-11
 -1.40943654766036813e-13 -2.70430271665598143e-16  3.49470697596612150e-19
  4.54207748645986220e-21 -1.58218420880113545e-24 -5.76028079803056645e-26
1957+20    18-Jun-14   70000.00   56826.29166666660            29.124020 -0.490 -7.023
 299195876585.374350  622.122028784041   ao  300   12   350.000 0.9425   2.6180
 -4.31856328197977035e-08  1.63499619861114143e+00  3.32712188464116040e-03
  4.20213654605091449e-06 -3.73693379153444407e-08 -2.73401742882456891e-11
  1.63429566605489323e-13  8.48019399262089409e-17 -3.82003281468083838e-19
 -1.51290023190819893e-22  5.24759659946050386e-25  1.44040375917707230e-28
1957+20    18-Jun-14  120000.00   56826.50000000000            29.124020 -0.475 -3.726
 299207075429.063708  622.122028784041   ao  300   12   350.000 0.4880   2.6180
  6.46820995103304652e-05  1.78842356952013626e+00 -3.65315825159285255e-03
 -1.64540229954040896e-07  3.94113112186266330e-08  3.25837985418177444e-12
 -1.70846064807309927e-13 -1.12968336235502899e-16  3.44079997228546223e-19
  3.88352831741255719e-21  7.35680772273758611e-25 -5.23145767804504042e-26
1957+20    18-Jun-14  170000.00   56826.70833333330            29.124020 -0.481 -7.082
 299218274049.957960  622.122028784041   ao  300   12   350.000 0.0334   2.6180
 -6.29337514011785171e-08  1.95989277930237793e+00  3.58776667348629499e-03
 -3.51312577923801361e-06 -3.82105501948111120e-08  2.33628192010336005e-11
  1.65675813752424869e-13 -7.34171720456936209e-17 -3.85519876052750443e-19
  1.36616458420891292e-22  5.24550643764409426e-25 -1.54219469937613991e-28
1957+20    18-Jun-14  210000.00   56826.87500000000            29.124020 -0.493 -6.807
 299227233152.183697  622.122028784041   ao  300   12   350.000 0.4699   2.6180
 -6.93880244755085140e-08  1.92751382991770726e+00 -3.50818948536996567e-03
 -1.98419882802795376e-06  3.88598686658466999e-08  1.24452754027218970e-11
 -1.69384138054511531e-13 -3.86973830419353397e-17  3.92225645540706465e-19
  7.07793752632562538e-23 -5.24016542359685058e-25 -6.72098710255570576e-29
1957+20    19-Jun-14   20000.00   56827.08333333330            29.124020 -0.496 -4.400
 299238431794.710001  622.122028784041   ao  300   12   350.000 0.0153   2.6180
 -1.26853682630538589e-05  1.94548912045461542e+00  3.53109998757603852e-03
 -2.19421415490008091e-06 -3.89172046771637083e-08  1.37552865233345769e-11
  1.70697025651068810e-13 -6.72138542703460962e-17 -4.41595576421641007e-19
  1.12548422481469352e-21  1.20426411498219645e-24 -1.56380547654932767e-26
1957+20    19-Jun-14   70000.00   56827.29166666660            29.124020 -0.480 -7.013
 299249630644.066989  622.122028784041   ao  300   12   350.000 0.5607   2.6180
 -9.71434517514635498e-08  1.52466120489357326e+00 -3.41099823837051922e-03
  5.81049173895588768e-06  3.59222994785424950e-08 -3.77689577018767744e-11
 -1.55598893228761715e-13  1.16600395236712471e-16  3.61627710989864018e-19
 -2.05844475694655399e-22 -4.92175071666564341e-25  2.10449510949897030e-28
1957+20    19-Jun-14  120000.00   56827.50000000000            29.124020 -0.466 -4.387
 299260829276.385279  622.122028784041   ao  300   12   350.000 0.1061   2.6180
 -1.22193738207390656e-06  2.15583478949442808e+00  2.69401254076412399e-03
 -8.92795760203030435e-06 -2.95836579670871540e-08  5.90995454562160320e-11
  1.27425140077021284e-13 -1.78938538195530645e-16 -2.36571584455761963e-19
  2.03099378051468570e-22 -6.11335572135954608e-25  5.21443310051278947e-28
1957+20    19-Jun-14  170000.00   56827.70833333330            29.124020 -0.472 -7.085
 299272028067.300093  622.122028784041   ao  300   12   350.000 0.6515   2.6180
 -3.04908816320392795e-08  1.22503930936358074e+00 -1.85220876254340487e-03
  1.17082936901628082e-05  2.09719751001433019e-08 -7.60049796651961800e-11
 -9.20321198819795142e-14  2.35715017636779283e-16  2.15955006477114506e-19
 -4.25254657353144010e-22 -3.01026709557583237e-25  4.82904283749343245e-28
1957+20    19-Jun-14  210000.00   56827.87500000000            29.124020 -0.484 -6.781
 299280986977.115264  622.122028784041   ao  300   12   350.000 0.0880   2.6180
 -1.11108516866187390e-08  2.16625426013145095e+00  3.05720530893211374e-03
 -7.94502169473655558e-06 -3.25381660616505485e-08  5.13564023691848808e-11
  1.40921040773744244e-13 -1.59897294667761161e-16 -3.26645270448191906e-19
  2.90100077976134679e-22  4.39502216809533145e-25 -2.81658821452398279e-28
1957+20    20-Jun-14   20000.00   56828.08333333330            29.124019 -0.486 -4.183
 299292185799.389867  622.122028784041   ao  300   12   350.000 0.6334   2.6180
 -1.73697479895259382e-05  1.32250561464844396e+00 -2.33194929964928655e-03
  1.05681756052729236e-05  2.48358361475718623e-08 -6.95228620239671774e-11
 -1.05745873963595081e-13  1.87383018055900098e-16  1.40873061422071251e-19
  9.70185588731080654e-22  1.50364422773555729e-24 -2.15013645981193895e-26
1957+20    20-Jun-14   70000.00   56828.29166666660            29.124019 -0.470 -7.070
 299303384476.198354  622.122028784041   ao  300   12   350.000 0.1789   2.6180
 -6.46192361373337798e-08  2.33958589393391980e+00  1.26786083811436111e-03
 -1.27143211397504112e-05 -1.49496326528865371e-08  8.30725240756262543e-11
  6.54704708718271499e-14 -2.58237931006476182e-16 -1.50379672520527990e-19
  4.68326650959554330e-22  1.93775083271875862e-25 -5.34071865821295283e-28
1957+20    20-Jun-14  120000.00   56828.50000000000            29.124019 -0.456 -4.513
 299314583216.996942  622.122028784041   ao  300   12   350.000 0.7243   2.6180
  8.09257616508993888e-06  1.07123324872973602e+00 -4.23360746344678292e-04
  1.38746371745920579e-05  4.34120641876318044e-09 -8.96044558345495244e-11
 -2.03492459083585428e-14  2.70741747728202835e-16  1.08318447225336794e-19
 -1.30335653007928703e-22 -1.04192832071602157e-24 -5.52413992117692297e-27
1957+20    20-Jun-14  170000.00   56828.70833333330            29.124019 -0.462 -7.026
 299325781929.331821  622.122028784041   ao  300   12   350.000 0.2697   2.6180
 -3.00503749731118042e-08  2.34904488183337357e+00 -5.45374098597087905e-04
 -1.35120631273515182e-05  6.75916855864582855e-09  8.84748967344239794e-11
 -3.01186115615310396e-14 -2.74416602554965659e-16  7.12259175987142753e-20
  4.90923363074953394e-22 -1.01847148537244084e-25 -5.13142342140705122e-28
