B0531+21   15-Oct-15  173000.00   57310.72916666660             0.000059 -0.879 -7.928
      1877533.095449   29.660772797300   o8  300   12  1650.000                
 -9.78106623506268198e-09  1.55019536808624431e-01  1.32979756636890870e-06
 -2.50121220076802083e-09 -3.97698323613432252e-12  2.35498651037670304e-15
  2.48106294819148320e-18  1.83556976223565932e-21  1.31790935600648480e-24
 -1.06105983950037038e-25 -2.95914340281739259e-29  1.43033425547067159e-30
B0531+21   15-Oct-15  223000.00   57310.93749999990             0.000059 -0.880 -8.192
      2411473.538873   29.660772797300   o8  300   12  1650.000                
 -5.24751748819068497e-09  1.54839406013647485e-01 -2.18611028198821602e-06
 -4.15771836270486502e-09  1.62692754658825561e-12  4.00052229147851008e-15
 -1.20179666275807259e-18 -3.69779811372364646e-21  7.74335238785051074e-24
  6.65896313625593871e-26 -1.16546850836349529e-28 -8.87636529123645780e-31
B0531+21   16-Oct-15   33000.00   57311.14583333320             0.000059 -0.871 -8.240
      2945413.613663   29.660772797300   o8  300   12  1650.000                
  1.63292828128029470e-09  1.52718272810904943e-01 -4.18453295810287452e-06
  3.71945410359756325e-10  4.80740020743944272e-12 -3.22580656262909943e-16
 -3.04636847526031532e-18 -2.80510008576670093e-21  8.68614188005141065e-25
  1.07032385437785086e-25 -8.73517716915339133e-30 -1.45659369366416747e-30
B0531+21   16-Oct-15   83000.00   57311.35416666660             0.000059 -0.862 -7.938
      3479353.009041   29.660772797300   o8  300   12  1650.000                
 -1.21832329737725997e-08  1.50770561441625400e-01 -1.69456776900569536e-06
  4.34185179724487232e-09  8.30278439306219932e-13 -4.19005517922138893e-15
 -5.43094585350391962e-19  4.83643882446450836e-21 -1.30626120632649317e-25
 -1.20125422667148825e-25  1.79939768852294169e-29  1.76194426404298332e-30
B0531+21   16-Oct-15  133000.00   57311.56249999990             0.000059 -0.865 -8.219
      4013292.111837   29.660772797300   o8  300   12  1650.000                
 -7.52099638549217568e-09  1.50849238103791805e-01  1.57022301240774753e-06
  1.83928123290667315e-09 -4.38353282843290134e-12 -1.75417631948107932e-15
  2.77842346261915527e-18  3.73643388834613121e-22 -7.95142756900113511e-25
  3.71121033778882468e-27  6.85023636922113162e-30  8.17896372695929278e-32
B0531+21   16-Oct-15  173000.00   57311.72916666660             0.000059 -0.871 -7.938
      4440443.544504   29.660772797300   o8  300   12  1650.000                
 -1.50981777427561248e-08  1.51663184751059332e-01  1.28290732127308428e-06
 -2.56339396415704211e-09 -3.93027360406807186e-12  2.42910003399967582e-15
  2.56028415521646573e-18  6.72833958660383594e-22 -4.11076324676603140e-24
 -6.64294306366140588e-26  6.45591242801919096e-29  9.22151165880094674e-31
B0531+21   16-Oct-15  223000.00   57311.93749999990             0.000059 -0.872 -8.210
      4974382.975627   29.660772797300   o8  300   12  1650.000                
 -7.73923508880893570e-09  1.51445141109759041e-01 -2.25194225137719864e-06
 -4.13141867026262804e-09  1.70428427620802431e-12  3.96810122654484416e-15
 -1.17954922503946971e-18 -3.23530090559548324e-21  3.91313202146904362e-24
  5.46887971859365398e-26 -4.60076530703870809e-29 -7.71078347558157583e-31
B0531+21   17-Oct-15   33000.00   57312.14583333320             0.000059 -0.862 -8.236
      5508322.027459   29.660772797300   o8  300   12  1650.000                
  7.73669739485157945e-09  1.49298355557226398e-01 -4.19658024688286107e-06
  4.47674543044369201e-10  4.79919470645806012e-12 -4.23443458803894831e-16
 -2.98056169888582962e-18  3.96799187359788506e-23 -2.49349768886812686e-24
 -1.23557245266444847e-26  5.34285205256907573e-29  3.78140546737121782e-31
B0531+21   17-Oct-15   83000.00   57312.35416666660             0.000059 -0.853 -7.946
      6042260.397591   29.660772797300   o8  300   12  1650.000                
 -1.46094188203089548e-08  1.47360294521358320e-01 -1.66010514811092451e-06
  4.35429597123028081e-09  7.48221107701320443e-13 -4.18933721129656001e-15
 -4.99363950402730780e-19  3.39400377613791272e-21  1.23054820577990776e-24
 -5.40539705463479011e-26 -1.69616829335615701e-29  7.07381769107741339e-31
B0531+21   17-Oct-15  133000.00   57312.56249999990             0.000059 -0.856 -8.222
      6576198.480091   29.660772797300   o8  300   12  1650.000                
 -4.47629159802833245e-09  1.47454450761104555e-01  1.57475446625440607e-06
  1.77010305069777406e-09 -4.41750261219029841e-12 -1.67819779083042021e-15
  2.75502013014451284e-18 -5.28645014469309505e-22  2.38156274168018897e-24
  3.87166955110634595e-26 -5.62367010558900923e-29 -4.37124001692610719e-31
B0531+21   17-Oct-15  173000.00   57312.72916666660             0.000059 -0.862 -7.937
      7003349.097257   29.660772797300   o8  300   12  1650.000                
 -1.50182207107202393e-08  1.48257904879389391e-01  1.23561385113906823e-06
 -2.62471187348203621e-09 -3.88183249885327166e-12  2.48676860468512088e-15
  2.55920478639292210e-18  6.40393209979944659e-22 -5.38108856855183854e-24
 -6.46916685418281011e-26  8.38064374127401577e-29  8.94495390207131188e-31
B0531+21   17-Oct-15  223000.00   57312.93749999990             0.000059 -0.863 -8.196
      7537287.501394   29.660772797300   o8  300   12  1650.000                
 -6.94895802906744244e-09  1.48002001607476064e-01 -2.31712575712434397e-06
 -4.10402050283960249e-09  1.78202181797356089e-12  3.95449906458435001e-15
 -1.28233000307399440e-18 -4.00619269393723066e-21  6.94226515626635790e-24
  7.60354525519598639e-26 -1.02453730653150019e-28 -9.81531482156031331e-31
B0531+21   18-Oct-15   33000.00   57313.14583333320             0.000059 -0.853 -8.236
      8071225.515691   29.660772797300   o8  300   12  1650.000                
  3.75099766816318065e-09  1.45830191329401254e-01 -4.20739601748361431e-06
  5.23080057840756862e-10  4.78993109287112584e-12 -4.77171789301788181e-16
 -2.96978137902658124e-18 -1.54741708645996827e-21 -2.54126389036034404e-24
  5.14665744020125857e-26  5.05183661834484692e-29 -5.57715969472969308e-31
B0531+21   18-Oct-15   83000.00   57313.35416666660             0.000058 -0.845 -7.959
      8605162.846199   29.660772797300   o8  300   12  1650.000                
 -1.25195031673631284e-08  1.43902350358229153e-01 -1.62515964337379220e-06
  4.36549546338405742e-09  6.67143641296581400e-13 -4.19499993359499430e-15
 -5.37392862498079448e-19  2.63085140687813980e-21  4.54628780834642102e-24
 -1.50191818087175960e-26 -6.03549317388305544e-29  5.14143579448066037e-32
B0531+21   18-Oct-15  133000.00   57313.56249999990             0.000058 -0.848 -8.221
      9139099.894111   29.660772797300   o8  300   12  1650.000                
 -3.76877026954184344e-09  1.44011959059058059e-01  1.57882198779998329e-06
  1.70041802878503579e-09 -4.45026275164252183e-12 -1.60241821199109305e-15
  2.81575475599596092e-18 -1.38316830012743431e-21 -6.63282155387544516e-25
  7.19048593541993820e-26  8.37794078434909525e-30 -9.29740332901286713e-31
B0531+21   18-Oct-15  173000.00   57313.72916666660             0.000058 -0.854 -7.955
      9566249.684298   29.660772797300   o8  300   12  1650.000                
 -9.15943497067675088e-09  1.44804686830727503e-01  1.18796212507144621e-06
 -2.68530776768728934e-09 -3.83106680950872460e-12  2.55370989109104813e-15
  2.41849531053478142e-18 -1.27906993721933442e-22  2.92539922197152667e-27
 -3.60378556451824359e-26 -8.30501541151294733e-30  4.78469125282568065e-31
B0531+21   18-Oct-15  223000.00   57313.93749999990             0.000058 -0.854 -8.233
     10100187.047064   29.660772797300   o8  300   12  1650.000                
 -3.53314369125649289e-09  1.44511008072155112e-01 -2.38160428376660099e-06
 -4.07532403686536614e-09  1.85871775941364767e-12  3.92762839978443013e-15
 -1.31758645867126274e-18 -3.93037867901909814e-21  6.42880340286507286e-24
  7.00581389366981039e-26 -9.45605194610358374e-29 -8.53676819580863378e-31
B0531+21   19-Oct-15   33000.00   57314.14583333320             0.000058 -0.844 -8.260
     10634124.009558   29.660772797300   o8  300   12  1650.000                
  2.63673941473205895e-09  1.42314828570043100e-01 -4.21694137446573405e-06
  5.98524293148238761e-10  4.77938745407792008e-12 -5.73214295788389083e-16
 -2.98030110756076162e-18  8.44847053556291156e-22 -1.63913029334355936e-24
 -5.09445600951632324e-26  3.60771896839215092e-29  1.06872153434254772e-30
B0531+21   19-Oct-15   83000.00   57314.35416666660             0.000058 -0.836 -7.967
     11168060.286383   29.660772797300   o8  300   12  1650.000                
 -1.06244817353606802e-08  1.40397795601118758e-01 -1.58969371551465443e-06
  4.37544695175123533e-09  5.83982200230279792e-13 -4.21793494013944160e-15
 -4.04411631689331703e-19  4.14401000361297519e-21  1.49630832469253174e-24
 -8.44968641451802352e-26 -1.97896134463328702e-29  1.18566176357671848e-30
B0531+21   19-Oct-15  133000.00   57314.56249999990             0.000058 -0.839 -8.250
     11701996.285737   29.660772797300   o8  300   12  1650.000                
 -2.58768252636552452e-09  1.40522845819422343e-01  1.58246208536580229e-06
  1.63026238805275440e-09 -4.48111520712766857e-12 -1.53230049202198400e-15
  2.75670752649825875e-18 -1.72959602441543117e-21  3.70238017033979273e-24
  8.77042069280833297e-26 -7.33195215776248145e-29 -1.21176752816917587e-30
B0531+21   19-Oct-15  173000.00   57314.72916666660             0.000058 -0.845 -7.963
     12129145.237728   29.660772797300   o8  300   12  1650.000                
 -8.82548808026394012e-09  1.41304632932531787e-01  1.14000649885579927e-06
 -2.74496070267491125e-09 -3.78023177041488147e-12  2.59244500188956194e-15
  2.41951983206205964e-18  1.46918728208063232e-21 -1.80101405991265539e-24
 -9.99906811108664330e-26  2.37133783893716258e-29  1.40704529651711479e-30
B0531+21   19-Oct-15  223000.00   57314.93749999990             0.000058 -0.845 -8.235
     12663081.545072   29.660772797300   o8  300   12  1650.000                
 -2.80046877645541144e-09  1.40973295266733106e-01 -2.44532481597166583e-06
 -4.04533898168483209e-09  1.93479838453363064e-12  3.89033732997523422e-15
 -1.34550872164451865e-18 -3.35981445694958471e-21  5.74073818940070169e-24
  5.26001851248876382e-26 -8.70682824954086902e-29 -6.34492863594031297e-31
B0531+21   20-Oct-15   33000.00   57315.14583333320             0.000058 -0.835 -8.257
     13197017.441843   29.660772797300   o8  300   12  1650.000                
  2.36490569018556131e-09  1.38753430816881962e-01 -4.22518198826236178e-06
  6.73631867336478982e-10  4.76833248353031254e-12 -6.27598361669161125e-16
 -3.08334305603953027e-18 -9.21619198164062488e-22  3.56334747021689850e-24
  2.90988673160459999e-26 -5.13688361199716738e-29 -2.13134634654964815e-31
B0531+21   20-Oct-15   83000.00   57315.35416666660             0.000058 -0.827 -7.982
     13730952.651278   29.660772797300   o8  300   12  1650.000                
 -1.01685355001816612e-08  1.36847811255082524e-01 -1.55369329743692033e-06
  4.38403542444390868e-09  5.01296788273651625e-13 -4.21885337364553499e-15
 -3.10654501336668016e-19  3.54848220745809374e-21 -8.67104753642890631e-25
 -6.22719322084192268e-26  2.23731067259134193e-29  8.83890964717050276e-31
B0531+21   20-Oct-15  133000.00   57315.56249999990             0.000058 -0.830 -8.232
     14264887.588459   29.660772797300   o8  300   12  1650.000                
 -5.23442752605576052e-09  1.36988308443961676e-01  1.58571089480212394e-06
  1.55966597481415900e-09 -4.51186689720067386e-12 -1.46568039813847869e-15
  2.87387602260461081e-18 -1.71966406981612803e-21 -1.54241652250149857e-24
  8.37943569430126911e-26  2.10886042823511446e-29 -1.08877849147979972e-30
