B0531+21   30-Dec-14  130000.00   57021.54166666660             0.000050  0.248 -8.564
    -39610819.631657   29.669488747730   wb  300   12  1650.000                
 -5.00221242911444371e-09 -1.45277245425013291e-02  9.96987328906054975e-07
 -2.94339779704185542e-09 -4.33350966308450164e-12  2.83448162106450228e-15
  2.79828280192275113e-18 -2.87803031226472688e-21 -2.85301115903843600e-24
  6.55947710257695567e-26  3.71852834305019747e-29 -9.47519061873994473e-31
B0531+21   30-Dec-14  180000.00   57021.74999999990             0.000050  0.249 -8.499
    -39076773.208912   29.669488747730   wb  300   12  1650.000                
  8.92902721568887212e-12 -1.50457369257207228e-02 -2.97667937001838119e-06
 -4.58091345669815407e-09  2.00820129620003062e-12  4.39925921012079804e-15
 -1.34267077323773127e-18 -3.35126827050059147e-21  3.33006752466459349e-24
  5.95890640377844984e-26 -4.75766358390777400e-29 -9.25659443558109512e-31
B0531+21   30-Dec-14  230000.00   57021.95833333320             0.000050  0.261 -8.513
    -38542727.291257   29.669488747730   wb  300   12  1650.000                
  2.82276616275737723e-09 -1.77019436620608379e-02 -5.07603527768265449e-06
  6.05876128229560010e-10  5.35802288661334667e-12 -5.79943605965486324e-16
 -3.34933818963380029e-18  4.89474273443301293e-22 -2.33039378904065910e-24
 -1.30800067736232170e-26  6.16157290370239501e-29  2.41751755901034912e-31
B0531+21   31-Dec-14   40000.00   57022.16666666660             0.000050  0.272 -8.439
    -38008682.205057   29.669488747730   wb  300   12  1650.000                
  3.14693609446622404e-10 -2.00752352878570510e-02 -2.17271380029210021e-06
  4.89229181445899595e-09  7.28538959766912205e-13 -4.67808793710970814e-15
 -4.03359568083692887e-19  1.97544363944492339e-21 -2.94348120931902827e-24
 -1.92938954023916386e-28  5.41913106269284202e-29  7.97445507112274876e-32
B0531+21   31-Dec-14   90000.00   57022.37499999990             0.000050  0.271 -8.514
    -37474637.499050   29.669488747730   wb  300   12  1650.000                
 -2.03196342157862045e-10 -2.01647492106612272e-02  1.41122906760201471e-06
  1.89461900956248158e-09 -4.98561434381619028e-12 -1.79018805054311531e-15
  3.12251538189570487e-18 -1.18385256233251661e-21  1.42010447655304680e-24
  8.17709325840044339e-26 -3.95684507836548200e-29 -1.22497601401370690e-30
B0531+21   31-Dec-14  130000.00   57022.54166666660             0.000050  0.265 -8.412
    -37047401.610410   29.669488747730   wb  300   12  1650.000                
 -5.65630221877494341e-09 -1.94498413996894229e-02  9.67752614413974991e-07
 -3.01101657698235525e-09 -4.27802072683370270e-12  2.87774852126407874e-15
  2.81781049315333563e-18 -5.80659612487774852e-22 -5.14744748765903173e-24
 -3.77590676130051903e-26  7.18206512455433374e-29  6.76908575483152333e-31
B0531+21   31-Dec-14  180000.00   57022.74999999990             0.000050  0.266 -8.469
    -36513356.668179   29.669488747730   wb  300   12  1650.000                
  2.08727563275992495e-09 -1.99956396888622268e-02 -3.02461741450103235e-06
 -4.54865061027703605e-09  2.09374174716412852e-12  4.37180070251267308e-15
 -1.34995080961783387e-18 -3.56636532936142249e-21  9.82858864963456274e-25
  6.47688415462504425e-26 -6.96190527438100785e-30 -9.45166224046504231e-31
B0531+21   31-Dec-14  230000.00   57022.95833333320             0.000050  0.278 -8.449
    -35979312.238352   29.669488747730   wb  300   12  1650.000                
  2.30662323803823240e-09 -2.26645644149463255e-02 -5.06246912958026877e-06
  6.90019599075224419e-10  5.34619807611609574e-12 -6.49818121065258853e-16
 -3.41047051136748818e-18 -4.81511307189071339e-22  1.79885475855342872e-24
  2.88905668607355701e-26 -1.82765444951927327e-29 -3.92480643411114270e-31
B0531+21    1-Jan-15   40000.00   57023.16666666660             0.000050  0.289 -8.467
    -35445268.637726   29.669488747730   wb  300   12  1650.000                
 -4.09877911068307391e-09 -2.50112730273579151e-02 -2.10901405170332564e-06
  4.90307209308699267e-09  6.36235407685936467e-13 -4.69138233109548137e-15
 -3.69084070026266571e-19  1.96054262434584142e-21 -5.68697238084523775e-25
  8.63315534708859427e-27  1.67000373172556293e-30 -1.40733302590259328e-31
B0531+21    1-Jan-15   90000.00   57023.37499999990             0.000050  0.287 -8.434
    -34911225.407235   29.669488747730   wb  300   12  1650.000                
 -7.34473996028431960e-10 -2.50691892611538507e-02  1.43904139441546958e-06
  1.81604758266678865e-09 -5.02020320346296839e-12 -1.73945094632198387e-15
  3.09279609203716125e-18  9.28520477781696539e-22  4.42772961459439539e-24
 -2.17433222812712543e-27 -9.50648536189316264e-29 -1.27076918260749780e-32
B0531+21    1-Jan-15  130000.00   57023.54166666660             0.000050  0.282 -8.425
    -34483990.695200   29.669488747730   wb  300   12  1650.000                
 -2.75987679054678805e-09 -2.43551491645246608e-02  9.37775400168213398e-07
 -3.07779003284006870e-09 -4.21995359193568460e-12  2.93805276963667352e-15
  2.70187189211906425e-18 -3.85930609371052726e-22 -1.50234686711411012e-24
 -4.36410606201607224e-26  1.18618248716542325e-29  7.23457457950161855e-31
B0531+21    1-Jan-15  180000.00   57023.74999999990             0.000050  0.283 -8.498
    -33949947.228475   29.669488747730   wb  300   12  1650.000                
 -3.91225510112743640e-09 -2.49288434009558822e-02 -3.07211332061162875e-06
 -4.51501336351546237e-09  2.17852833064005290e-12  4.33593178545289758e-15
 -1.35362361190821781e-18 -3.40845335516165597e-21 -1.30367819988723307e-24
  6.70518269217873485e-26  3.08101559838790659e-29 -1.07788957410572849e-30
B0531+21    1-Jan-15  230000.00   57023.95833333320             0.000050  0.295 -8.637
    -33415904.281399   29.669488747730   wb  300   12  1650.000                
  1.48364739795088041e-09 -2.76099699952129796e-02 -5.04786326724116323e-06
  7.73966040319358827e-10  5.33219617172464715e-12 -7.23141799504734609e-16
 -3.35361340219182493e-18 -8.86345780957596276e-22 -9.50441838594330226e-25
  3.85361554540498827e-26  3.17573707354045582e-29 -4.23975473479151596e-31
B0531+21    2-Jan-15   40000.00   57024.16666666660             0.000050  0.306 -8.412
    -32881862.161105   29.669488747730   wb  300   12  1650.000                
 -6.69760618618914271e-10 -2.99296760282418278e-02 -2.04515359668223902e-06
  4.91229285796685387e-09  5.43729027836923134e-13 -4.68981092025985257e-15
 -2.42567058890440695e-19  1.27365470533843572e-21 -5.37608234087281572e-24
  2.83178603444052921e-26  1.00548684821610531e-28 -3.29440598767586125e-31
B0531+21    2-Jan-15   90000.00   57024.37499999990             0.000050  0.304 -8.503
    -32347820.400864   29.669488747730   wb  300   12  1650.000                
 -1.83279197668126284e-09 -2.99562535209410841e-02  1.46596989331442220e-06
  1.73670883284657318e-09 -5.05430183875844729e-12 -1.64149552045349027e-15
  3.19622465457853811e-18 -9.51660605609936191e-22  3.72868979574624677e-25
  6.63177530563891081e-26 -2.52026906567049635e-29 -9.44446417281945914e-31
B0531+21    2-Jan-15  130000.00   57024.54166666660             0.000050  0.298 -8.427
    -31920586.861317   29.669488747730   wb  300   12  1650.000                
 -6.57183401035346329e-09 -2.92435138068038725e-02  9.07063080657713963e-07
 -3.14373481122272099e-09 -4.16134010654039813e-12  3.01332839899739081e-15
  2.64455671518729448e-18 -1.53224511311792808e-21 -1.58320524796986060e-25
  1.37417817692236390e-27 -1.29348258705308790e-29  6.46381977944678058e-32
B0531+21    2-Jan-15  180000.00   57024.74999999990             0.000050  0.299 -8.482
    -31386544.865049   29.669488747730   wb  300   12  1650.000                
 -4.26004174058409622e-09 -2.98452108427283459e-02 -3.11916716017246016e-06
 -4.48010966860362744e-09  2.26417157703614358e-12  4.31212756011724185e-15
 -1.51443301542185406e-18 -3.94455590159803884e-21  3.79242948678552025e-24
  7.57389433363034097e-26 -5.59348959304469763e-29 -1.02528060411505751e-30
B0531+21    2-Jan-15  230000.00   57024.95833333320             0.000050  0.312 -8.490
    -30852503.395605   29.669488747730   wb  300   12  1650.000                
  2.96703400379160430e-09 -3.25380221970149180e-02 -5.03222664778631473e-06
  8.57688433745666752e-10  5.31766764022164287e-12 -7.94742180322466197e-16
 -3.41941163294388246e-18 -1.79308880515298855e-21  1.94374789043300860e-24
  8.39128730583943895e-26 -6.93388411034710014e-30 -1.20059937499273673e-30
B0531+21    3-Jan-15   40000.00   57025.16666666660             0.000050  0.323 -8.428
    -30318462.750361   29.669488747730   wb  300   12  1650.000                
 -3.30328200472080951e-10 -3.48303151656508617e-02 -1.98114580312893133e-06
  4.92009786411129359e-09  4.51176363025298284e-13 -4.68870888776385841e-15
 -1.78210155385742471e-19  3.23480727144736393e-22 -5.37077829673163533e-24
  7.36894105594359124e-26  9.51205904229371781e-29 -1.09868799226709687e-30
B0531+21    3-Jan-15   90000.00   57025.37499999990             0.000050  0.321 -8.461
    -29784422.455065   29.669488747730   wb  300   12  1650.000                
 -7.64448103105776992e-10 -3.48258209991565773e-02  1.49200341426778731e-06
  1.65698470261250050e-09 -5.08611141925841299e-12 -1.56775681722413006e-15
  3.22829389051205925e-18 -8.19685745736095313e-22 -7.00618648084552984e-25
  6.22726571338199386e-26 -2.75816130794802313e-30 -9.17368297253475107e-31
B0531+21    3-Jan-15  130000.00   57025.54166666660             0.000050  0.315 -8.337
    -29357190.083859   29.669488747730   wb  300   12  1650.000                
 -6.25059455703806606e-09 -3.41148113104636636e-02  8.75626864327812834e-07
 -3.20862403133934685e-09 -4.10148639205693442e-12  3.06160447751740964e-15
  2.60841787080354527e-18 -4.00197958281799896e-22 -5.21392455551555478e-25
 -4.08812781790800994e-26 -3.93315927102961351e-30  6.25158129603922450e-31
B0531+21    3-Jan-15  180000.00   57025.74999999990             0.000050  0.316 -8.495
    -28823149.552961   29.669488747730   wb  300   12  1650.000                
 -5.41701576878359653e-10 -3.47446048584288819e-02 -3.16574112849038902e-06
 -4.44374016314095749e-09  2.34699775687666253e-12  4.25798475526759794e-15
 -1.44106469519720627e-18 -2.23993280252768953e-21 -2.25070817699273504e-24
  1.40355712261586376e-26  4.80180339609912044e-29 -2.26773097097112247e-31
B0531+21    3-Jan-15  230000.00   57025.95833333320             0.000050  0.329 -8.311
    -28289109.555986   29.669488747730   wb  300   12  1650.000                
  3.62965565501476625e-10 -3.74485742047019551e-02 -5.01553870905078069e-06
  9.41599191663818428e-10  5.30057878367395335e-12 -9.50799453338813045e-16
 -3.44518307240677973e-18  4.53233656759920038e-21  4.64076682723853542e-24
 -1.54298274301150244e-25 -5.92311544190966604e-29  2.17554361634576774e-30
B0531+21    4-Jan-15   40000.00   57026.16666666660             0.000050  0.340 -8.355
    -27755070.380468   29.669488747730   wb  300   12  1650.000                
 -2.35593978896599500e-09 -3.97130426547126977e-02 -1.91699533025221192e-06
  4.92653831691798769e-09  3.58667612510549037e-13 -4.70892037189561297e-15
 -1.45857578957005117e-19  1.74757813861132242e-21 -3.51910883112076860e-24
  1.16428617258970022e-26  5.54190317981115691e-29 -1.23139069645618343e-31
B0531+21    4-Jan-15   90000.00   57026.37499999990             0.000050  0.337 -8.490
    -27221031.544766   29.669488747730   wb  300   12  1650.000                
 -6.20581736508334396e-10 -3.96777427547227377e-02  1.51715638512791143e-06
  1.57678855374471409e-09 -5.11577457115907845e-12 -1.49699600858151351e-15
  3.16544991442430119e-18 -3.59618018805862794e-22  3.18395817978990629e-24
  4.54144506634596687e-26 -6.82609034018091015e-29 -7.17941792786016393e-31
B0531+21    4-Jan-15  123000.00   57026.52083333330             0.000050  0.332 -8.350
    -26847204.247469   29.669488747730   wb  300   12  1650.000                
  7.99651464713107993e-09 -3.90278801887574550e-02  1.11540321766664888e-06
 -2.76105275937237628e-09 -4.47405868277276788e-12  2.64741442902828247e-15
  2.81420607909878693e-18 -1.44460018239885712e-21  8.96927464827898248e-25
  5.75073167778330959e-27 -3.06460409278653930e-29 -1.62948025648711376e-32
B0531+21    4-Jan-15  173000.00   57026.72916666660             0.000050  0.332 -8.513
    -26313165.160678   29.669488747730   wb  300   12  1650.000                
  4.82016767449353675e-10 -3.94462782694910280e-02 -2.80329441291839586e-06
 -4.65900308999902233e-09  1.77947484126622144e-12  4.44828657490815073e-15
 -1.20340034559493464e-18 -7.97714311207226812e-22  3.58883446253930201e-24
 -5.19088928542764685e-26 -5.20836122015157460e-29  8.00883267919864356e-31
B0531+21    4-Jan-15  223000.00   57026.93749999990             0.000050  0.344 -8.533
    -25779126.551266   29.669488747730   wb  300   12  1650.000                
 -4.04451462862189339e-09 -4.20393663344852744e-02 -5.06126475775278623e-06
  3.83767245765770041e-10  5.38299151450286552e-12 -3.70589809819140432e-16
 -3.42291915116661349e-18  4.81647920651796573e-22  1.01690498332284662e-25
 -9.61448006231027358e-27  2.39149217036725485e-29  1.12372687214653320e-31
B0531+21    5-Jan-15   33000.00   57027.14583333330             0.000050  0.356 -8.387
    -25245088.770279   29.669488747730   wb  300   12  1650.000                
  2.23963519165692570e-09 -4.44532235401864234e-02 -2.29382436574622601e-06
  4.85707495796949062e-09  9.71556405295063096e-13 -4.63014143685613417e-15
 -7.49264657067235727e-19  8.29402370470875494e-22  5.97757828951792931e-24
  3.86991240673271297e-26 -9.34768336588607226e-29 -4.01622780656744131e-31
B0531+21    5-Jan-15   83000.00   57027.35416666660             0.000050  0.354 -8.413
    -24711051.387593   29.669488747730   wb  300   12  1650.000                
 -3.31802238747774038e-09 -4.45997030593851679e-02  1.37944196858830913e-06
  2.09904252222011417e-09 -4.88731780273107307e-12 -2.01768008987910476e-15
  3.12021022937754291e-18  2.06069180360921212e-21 -1.51404769219213741e-24
 -5.28557267758070057e-26  1.15579010835627006e-29  8.50516997136372578e-31
B0531+21    5-Jan-15  123000.00   57027.52083333330             0.000050  0.348 -8.343
    -24283821.362184   29.669488747730   wb  300   12  1650.000                
  6.78468379526240509e-09 -4.38627056143487681e-02  1.08861572109956958e-06
 -2.83109978437119182e-09 -4.42185333216440645e-12  2.74102284048872773e-15
  2.82084211941179610e-18 -3.95313769415213865e-21 -6.56118816174404816e-25
  1.08229410026898482e-25 -8.76247132738066518e-30 -1.56530734097478528e-30
B0531+21    5-Jan-15  173000.00   57027.72916666660             0.000050  0.349 -8.432
    -23749783.729581   29.669488747730   wb  300   12  1650.000                
  1.55221890387331448e-09 -4.43082801009536467e-02 -2.85185435886308929e-06
 -4.63036147033939537e-09  1.86667159106666615e-12  4.43371082659073078e-15
 -1.23281700702693132e-18 -1.89243930380753179e-21  2.49276549603086617e-24
 -9.75302884597838510e-27 -3.73200166501804912e-29  2.15445675317740370e-31
B0531+21    5-Jan-15  223000.00   57027.93749999990             0.000050  0.361 -8.531
    -23215746.581761   29.669488747730   wb  300   12  1650.000                
 -3.55299898577548633e-09 -4.69151429739663173e-02 -5.04998256369805117e-06
  4.68428168421170209e-10  5.37567213152878498e-12 -4.56623701287647240e-16
 -3.48635666922761528e-18  9.27221476132517165e-22  3.08649653099415568e-24
 -2.58844539797719550e-26 -2.39989070446993208e-29  3.59833136087667469e-31
B0531+21    6-Jan-15   33000.00   57028.14583333330             0.000050  0.372 -8.350
    -22681710.260456   29.669488747730   wb  300   12  1650.000                
  1.09560473487352111e-09 -4.93032696488635153e-02 -2.23016323063061441e-06
  4.87178623778954550e-09  8.79580514399552793e-13 -4.67279734033939578e-15
 -6.49410739626476533e-19  3.17280447464889942e-21  4.19936432386806630e-24
 -4.71838327599295019e-26 -6.38619775641680939e-29  7.72326077112264582e-31
B0531+21    6-Jan-15   83000.00   57028.35416666660             0.000050  0.371 -8.427
    -22147674.327393   29.669488747730   wb  300   12  1650.000                
 -4.92828314680430644e-09 -4.94172198895374004e-02  1.41004612004602572e-06
  2.02190459662537900e-09 -4.92614680366540586e-12 -1.94559634481909030e-15
  3.15038604572014563e-18  2.26108987328430001e-21 -1.62690982127065260e-24
 -6.51024824102489325e-26  1.19080063035853999e-29  1.06764845442745058e-30
B0531+21    6-Jan-15  123000.00   57028.52083333330             0.000050  0.365 -8.348
    -21720445.457559   29.669488747730   wb  300   12  1650.000                
  2.78134313720999730e-09 -4.86797084433846228e-02  1.06113584012683290e-06
 -2.90008972964501823e-09 -4.36659730494156612e-12  2.78662548802753348e-15
  2.65623359816929383e-18 -1.94029752153062363e-21  4.89369811184078131e-24
  1.87681174291748492e-26 -9.36673473232784002e-29 -1.46538748720635318e-31
B0531+21    6-Jan-15  173000.00   57028.72916666660             0.000050  0.365 -8.502
    -21186409.273827   29.669488747730   wb  300   12  1650.000                
 -1.48459776442164885e-09 -4.91525429780663090e-02 -2.89992626506978604e-06
 -4.60022968858252222e-09  1.95352283934341800e-12  4.39380829640560795e-15
 -1.28447804104614788e-18 -7.57494701212959715e-22  2.29298921642232934e-24
 -5.88872217722665835e-26 -3.28729479140882251e-29  9.94546439537097961e-31
B0531+21    6-Jan-15  223000.00   57028.93749999990             0.000050  0.378 -8.478
    -20652373.582203   29.669488747730   wb  300   12  1650.000                
 -3.92785961691487283e-09 -5.17726191934339414e-02 -5.03754808454505298e-06
  5.52877894765651345e-10  5.36567851277010695e-12 -5.30894138569065954e-16
 -3.43636398164789129e-18  5.57607038498859640e-22  9.53041997715854028e-25
 -1.45930057452060363e-26  1.30644211774000380e-29  2.51305190413065180e-31
B0531+21    7-Jan-15   33000.00   57029.14583333330             0.000050  0.389 -8.344
    -20118338.715002   29.669488747730   wb  300   12  1650.000                
 -6.55319899626143456e-10 -5.41345138921791869e-02 -2.16618080689592554e-06
  4.88489650162517465e-09  7.87486113880243130e-13 -4.68250127312032711e-15
 -5.53942585444034853e-19  2.91411338072688324e-21  2.38818531156358368e-24
 -3.40857252798066508e-26 -3.33438972199497116e-29  5.26265636639098484e-31
B0531+21    7-Jan-15   83000.00   57029.35416666660             0.000050  0.387 -8.435
    -19584304.225931   29.669488747730   wb  300   12  1650.000                
 -3.06293939710211788e-09 -5.42161014864731491e-02  1.43990745588619511e-06
  1.94415097688372895e-09 -4.96441278417057202e-12 -1.86068443842119635e-15
  3.27732989402821610e-18  8.65596647577597252e-22 -6.21639643842263241e-24
  2.65151476530200769e-27  8.45878155008863394e-29 -8.39665512277760652e-32
B0531+21    7-Jan-15  123000.00   57029.52083333330             0.000050  0.381 -8.301
    -19157076.507245   29.669488747730   wb  300   12  1650.000                
  4.23420698978816404e-09 -5.34784505034247917e-02  1.03302403745116802e-06
 -2.96829963653068646e-09 -4.31142470745523841e-12  2.85799176704245101e-15
  2.63342287901150291e-18 -2.86268634245170638e-21  4.37391794592345031e-24
  6.44062625455396323e-26 -8.64189712226372837e-29 -9.22811173458115379e-31
B0531+21    7-Jan-15  173000.00   57029.72916666660             0.000050  0.381 -8.417
    -18623041.766932   29.669488747730   wb  300   12  1650.000                
 -1.99186530897704772e-09 -5.39785958073538616e-02 -2.94745200470749074e-06
 -4.56871280482464807e-09  2.03937627347525573e-12  4.35286157531574553e-15
 -1.29352280503188118e-18  8.24485457954007259e-23  4.08096292593030819e-25
 -8.68228118237618086e-26 -5.64619157770467795e-30  1.33735445733054172e-30
B0531+21    7-Jan-15  223000.00   57029.93749999990             0.000050  0.394 -8.369
    -18089007.525962   29.669488747730   wb  300   12  1650.000                
 -3.26424915995100046e-09 -5.66112957201811706e-02 -5.02392855344778906e-06
  6.37231556106148391e-10  5.35444919140801925e-12 -6.11693372126769563e-16
 -3.45544741265057639e-18  4.42187968434906756e-22  3.29471734064753836e-24
 -3.50776058345628944e-27 -3.90988038477568399e-29  3.26143415061436371e-32
B0531+21    8-Jan-15   33000.00   57030.14583333330             0.000050  0.405 -8.285
    -17554974.107135   29.669488747730   wb  300   12  1650.000                
  5.62882680321059371e-09 -5.89464398613293653e-02 -2.10185503634076484e-06
  4.89648823513606460e-09  6.95314344938549565e-13 -4.67334272378673649e-15
 -4.79532960926600689e-19  1.18388708654100494e-21  1.98577539564777303e-24
  3.16297521614507911e-26 -3.38163116821765291e-29 -3.90235211221398736e-31
B0531+21    8-Jan-15   83000.00   57030.35416666660             0.000051  0.403 -8.448
    -17020941.056267   29.669488747730   wb  300   12  1650.000                
 -2.15465359717378576e-09 -5.89958164705873672e-02  1.46904187045023791e-06
  1.86585065115356905e-09 -4.99812979668308825e-12 -1.78771391486758427e-15
  3.07544498321358556e-18  1.20917416364150343e-21  4.23626258218877142e-24
 -1.92811102941037928e-26 -8.88488235820100602e-29  3.25378510319832602e-31
B0531+21    8-Jan-15  123000.00   57030.52083333330             0.000051  0.397 -8.304
    -16593714.484172   29.669488747730   wb  300   12  1650.000                
  3.30815479070713068e-09 -5.82583812775969295e-02  1.00432723927163890e-06
 -3.03558176701350721e-09 -4.25538988484533673e-12  2.90942490239748176e-15
  2.63363173924829761e-18 -1.50299403419021552e-21  3.25882886513088597e-24
  4.51593520238713362e-27 -7.43002724237208831e-29 -1.41939444079787961e-32
B0531+21    8-Jan-15  173000.00   57030.72916666660             0.000051  0.398 -8.446
    -16059681.181656   29.669488747730   wb  300   12  1650.000                
 -3.77121111611353850e-10 -5.87858562884176691e-02 -2.99437814268280447e-06
 -4.53599404420194596e-09  2.12406588360196539e-12  4.34285778683736210e-15
 -1.22811173667851252e-18 -1.74713108043414184e-21 -5.65036457651928745e-24
 -1.82972146270867138e-26  1.02030833244284265e-28  4.21327183717453446e-31
B0531+21    8-Jan-15  223000.00   57030.93749999990             0.000051  0.410 -8.444
    -15525648.385619   29.669488747730   wb  300   12  1650.000                
 -3.01645433038052698e-09 -6.14305637434690577e-02 -5.00908899859512634e-06
  7.21457317866477822e-10  5.34083113211082523e-12 -7.01364411897927666e-16
 -3.33221519457556932e-18  1.03748823640027666e-21 -2.72251858104349373e-24
 -1.81668864373394770e-26  6.76646202750595113e-29  1.60128793690761247e-31
B0531+21    9-Jan-15   33000.00   57031.14583333330             0.000051  0.421 -8.269
    -14991616.409251   29.669488747730   wb  300   12  1650.000                
  4.75496076451121803e-09 -6.37384246892069156e-02 -2.03716620365563745e-06
  4.90672296570821763e-09  6.02635605768583542e-13 -4.67984561793562488e-15
 -3.82239511311523706e-19  9.13181299888749900e-22  6.97731836238116222e-25
  4.21121737270864164e-26 -1.97436924538522955e-29 -5.40806909502330110e-31
B0531+21    9-Jan-15   83000.00   57031.35416666660             0.000051  0.419 -8.458
    -14457584.790607   29.669488747730   wb  300   12  1650.000                
 -4.39690155029697155e-10 -6.37557297732533612e-02  1.49750365151397077e-06
  1.78702647370375162e-09 -5.03445816485798869e-12 -1.71791756792268721e-15
  3.31597804653987165e-18  1.81190516315529555e-21 -6.00584881952183078e-24
 -4.85160711402562175e-26  8.14562384469844044e-29  7.97980220350524644e-31
B0531+21    9-Jan-15  123000.00   57031.52083333330             0.000051  0.413 -8.254
    -14030359.360394   29.669488747730   wb  300   12  1650.000                
  1.91548918208805040e-09 -6.30188488146239956e-02  9.75084947854191771e-07
 -3.10206613093244777e-09 -4.19836189356819513e-12  2.98952573877054752e-15
  2.68306747244309955e-18 -3.06833004254576699e-21 -7.64360043891779546e-25
  6.64758762555820128e-26 -8.02647042258045697e-30 -9.23786107895883232e-31
B0531+21    9-Jan-15  173000.00   57031.72916666660             0.000051  0.414 -8.362
    -13496327.489854   29.669488747730   wb  300   12  1650.000                
 -2.42378131001230713e-09 -6.35736444599526995e-02 -3.04066758981982796e-06
 -4.50182719102858591e-09  2.21041997222069109e-12  4.30505069103629254e-15
 -1.42606331911337877e-18 -1.09951761931057013e-21  1.15847354981222407e-24
 -4.49678082002741512e-26 -1.22872882948049731e-29  7.94501385689874457e-31
B0531+21    9-Jan-15  223000.00   57031.93749999990             0.000051  0.426 -8.369
    -12962296.132822   29.669488747730   wb  300   12  1650.000                
 -6.13573417488272104e-09 -6.62297199014928589e-02 -4.99300796088349640e-06
  8.05447561913888763e-10  5.32756937257889175e-12 -7.92612040440849398e-16
 -3.44777549538945110e-18  2.21174217405333835e-21  2.98450642725112917e-24
 -6.66000862930419879e-26 -2.32474379828834121e-29  8.92796862120391843e-31
B0531+21   10-Jan-15   33000.00   57032.14583333330             0.000051  0.437 -8.249
    -12428265.592783   29.669488747730   wb  300   12  1650.000                
  4.74222780354638818e-09 -6.85097546628672116e-02 -1.97210787997518440e-06
  4.91553236910087152e-09  5.10622669866933060e-13 -4.69041467458748765e-15
 -3.52831944157116985e-19  1.12148865820818497e-21  1.33245485567724992e-24
  3.41038588246618785e-26 -1.86046444129986706e-29 -4.21784351484811716e-31
B0531+21   10-Jan-15   83000.00   57032.35416666660             0.000051  0.435 -8.436
    -11894235.400171   29.669488747730   wb  300   12  1650.000                
 -2.37502658249270741e-09 -6.84951195534664881e-02  1.52528811158415627e-06
  1.70764917522144198e-09 -5.06669347987816042e-12 -1.63591658834434483e-15
  3.26978710337260295e-18  1.08191127624019133e-21 -2.80815878829528904e-24
 -1.77366497206953030e-26  2.75528269777502878e-29  3.30877058982585008e-31
B0531+21   10-Jan-15  123000.00   57032.52083333330             0.000051  0.429 -8.233
    -11467011.106954   29.669488747730   wb  300   12  1650.000                
  4.27610168997580748e-09 -6.77591177376909576e-02  9.45330137780925125e-07
 -3.16755657186028576e-09 -4.13904252018618481e-12  3.05279497180758517e-15
  2.61450882419100823e-18 -3.24857072362736407e-21  7.09885727022068907e-25
  7.66927095015699459e-26 -3.24069906195511163e-29 -1.12933807464225111e-30
B0531+21   10-Jan-15  173000.00   57032.72916666660             0.000051  0.430 -8.453
    -10932980.662343   29.669488747730   wb  300   12  1650.000                
 -7.84116630386946052e-10 -6.83412005173723441e-02 -3.08626602815232152e-06
 -4.46636926340157861e-09  2.29415745673846947e-12  4.28724995536098394e-15
 -1.40574439142787761e-18 -2.83417109210183436e-21 -2.29600477747475427e-24
  3.16506356711714243e-26  4.57562797959581007e-29 -3.85643945406371453e-31
B0531+21   10-Jan-15  223000.00   57032.93749999990             0.000051  0.443 -8.448
    -10398950.738157   29.669488747730   wb  300   12  1650.000                
 -1.96909116151726686e-09 -7.10079855396793247e-02 -4.97565360109542694e-06
  8.89083864948768617e-10  5.31062219433783350e-12 -8.55471714272975694e-16
 -3.32790992398736109e-18  7.30728572102784590e-22 -1.86583141567921333e-24
 -5.60740961139603989e-27  5.20322239698760917e-29 -1.79951327070465061e-32
B0531+21   11-Jan-15   33000.00   57033.14583333330             0.000051  0.453 -8.235
     -9864921.628084   29.669488747730   wb  300   12  1650.000                
  5.01289541507815562e-09 -7.32596448353036306e-02 -1.90666937003220965e-06
  4.92295187370321202e-09  4.17346083120155242e-13 -4.71058468370891954e-15
 -2.09757500100448782e-19  2.36634889432199003e-21 -2.38092422292234225e-24
 -1.87945728834789793e-26  3.72569865965721878e-29  4.05677618748654720e-31
B0531+21   11-Jan-15   83000.00   57033.35416666660             0.000051  0.450 -8.415
     -9330892.855076   29.669488747730   wb  300   12  1650.000                
  3.75545490872262349e-10 -7.32131960668777615e-02  1.55242229536338967e-06
  1.62776114957222823e-09 -5.09828287998690188e-12 -1.55608801194363807e-15
  3.32417358037208976e-18  8.14796246363505057e-22 -4.59451362859977860e-24
 -9.38372518762861524e-27  5.79658017075230341e-29  2.04167632993413104e-31
B0531+21   11-Jan-15  123000.00   57033.52083333330             0.000051  0.445 -8.223
     -8903669.693779   29.669488747730   wb  300   12  1650.000                
  6.47657959739001755e-09 -7.24783871874421087e-02  9.15099422168174318e-07
 -3.23212327327940189e-09 -4.07894076602419010e-12  3.11622323312012335e-15
  2.59790289023698532e-18 -3.28556224270160744e-21 -5.48285801092263838e-25
  7.20874549240374790e-26 -7.96064892268002857e-30 -9.91647708928926929e-31
B0531+21   11-Jan-15  173000.00   57033.72916666660             0.000051  0.446 -8.439
     -8369640.668807   29.669488747730   wb  300   12  1650.000                
 -1.43506075459223672e-09 -7.30877026440465843e-02 -3.13114692721697220e-06
 -4.42945956394366404e-09  2.37792643604531132e-12  4.23479738053059789e-15
 -1.47438043575853702e-18 -1.33013581227144523e-21 -1.28612407690678770e-24
 -2.46025919619075294e-26  2.62396325480726776e-29  3.92108139144709866e-31
B0531+21   11-Jan-15  223000.00   57033.93749999990             0.000051  0.458 -8.400
     -7835612.171058   29.669488747730   wb  300   12  1650.000                
 -5.87935780716966486e-09 -7.57645235478751899e-02 -4.95702467086390506e-06
  9.72548040283785064e-10  5.29403350715170322e-12 -9.32552962232075026e-16
 -3.39808238285704458e-18  4.22164052577273141e-22  1.20053815752972796e-24
  8.89121744704258605e-27  1.11640813225682333e-29 -2.17157544983894725e-31
B0531+21   12-Jan-15   33000.00   57034.14583333330             0.000051  0.469 -8.195
     -7301584.484336   29.669488747730   wb  300   12  1650.000                
  7.60776726456020565e-09 -7.79872536668583111e-02 -1.84085369426789490e-06
  4.92878932233983935e-09  3.24332543744623626e-13 -4.70340576245980361e-15
 -1.15756245334629707e-19  1.27637669732860890e-21 -3.76678997659648260e-24
  2.34759172683152042e-26  5.56939339368182471e-29 -2.07062405859877849e-31
B0531+21   12-Jan-15   83000.00   57034.35416666660             0.000051  0.466 -8.385
     -6767557.124250   29.669488747730   wb  300   12  1650.000                
 -1.81799588029410983e-09 -7.79091158448986659e-02  1.57891125670707473e-06
  1.54739039653478148e-09 -5.12725802950748303e-12 -1.47210006429805242e-15
  3.24286665987317463e-18  2.40718964819278782e-23  2.44056720681673472e-25
  2.48562663765099390e-26 -2.30804553984497321e-29 -3.37791817385635789e-31
B0531+21   12-Jan-15  120000.00   57034.50000000000             0.000051  0.461 -8.197
     -6393737.853099   29.669488747730   wb  300   12  1650.000                
  6.92848214844471672e-09 -7.72373212209114396e-02  1.15850866256899426e-06
 -2.78655274713434868e-09 -4.45463158412325010e-12  2.67675153248131512e-15
  2.79078353101879135e-18 -2.06422521296430178e-21  1.79215115570276993e-24
  3.58964751753337596e-26 -5.11582163348859727e-29 -5.22510480553253848e-31
B0531+21   12-Jan-15  170000.00   57034.70833333330             0.000051  0.461 -8.375
     -5859710.225742   29.669488747730   wb  300   12  1650.000                
 -4.29765164579163804e-09 -7.76338664129754275e-02 -2.76791748090768187e-06
 -4.64795399249715906e-09  1.81083331100711566e-12  4.42580092848139077e-15
 -1.12245354543656195e-18  2.24654931991178574e-22 -2.75106882336364561e-25
 -9.19982248637263081e-26 -3.45994698988226091e-30  1.41228907678385377e-30
B0531+21   12-Jan-15  220000.00   57034.91666666660             0.000051  0.473 -8.362
     -5325683.068903   29.669488747730   wb  300   12  1650.000                
 -5.96442362020920924e-09 -8.01999434326344102e-02 -5.00339103682211103e-06
  4.15599556876424090e-10  5.38011138271851900e-12 -4.12090636571168191e-16
 -3.45236201291674826e-18  1.12876527209167075e-21  2.54064912359041146e-24
 -2.26511952750729900e-26 -2.82371788919904875e-29  1.71883738660019305e-31
B0531+21   13-Jan-15   30000.00   57035.12500000000             0.000051  0.484 -8.149
     -4791656.730115   29.669488747730   wb  300   12  1650.000                
  3.51440163535357683e-09 -8.25719351539755675e-02 -2.21613675403188398e-06
  4.86304770943419234e-09  9.37418002506366056e-13 -4.64702027498895701e-15
 -7.07142093831516609e-19  1.68568896031813506e-21  5.23330096462493328e-24
  1.10482855937063520e-26 -8.20279106966734418e-29 -8.55006344411119552e-32
B0531+21   13-Jan-15   80000.00   57035.33333333330             0.000051  0.482 -8.357
     -4257630.776162   29.669488747730   wb  300   12  1650.000                
  2.51446495642082774e-09 -8.26737613662067578e-02  1.44535587445295149e-06
  2.07109629027122201e-09 -4.90201908773113804e-12 -2.00895257451539167e-15
  3.13632198800179894e-18  3.45314840139313573e-21 -6.01127736751435136e-25
 -1.02456249679839457e-25 -2.08630209199286540e-29  1.51273257710606110e-30
B0531+21   13-Jan-15  120000.00   57035.50000000000             0.000051  0.476 -8.171
     -3830409.885143   29.669488747730   wb  300   12  1650.000                
  6.71126662084579379e-09 -8.19102905015564459e-02  1.13336812234318726e-06
 -2.85613465804141934e-09 -4.40240239577321822e-12  2.74374504455531809e-15
  2.85391591710487847e-18 -1.99139448596413504e-21 -2.62155254108889103e-24
  3.04884467733574009e-26  2.15776107604417219e-29 -4.59795215220574534e-31
B0531+21   13-Jan-15  170000.00   57035.70833333330             0.000051  0.476 -8.399
     -3296383.663257   29.669488747730   wb  300   12  1650.000                
  2.57971644119351132e-09 -8.23328908364394929e-02 -2.81435392267925651e-06
 -4.61870144505052162e-09  1.89767063567341587e-12  4.40093565188068233e-15
 -1.14996684992706150e-18 -1.15569430928586320e-22 -1.17127671639379917e-24
 -7.36954317956517992e-26  8.34623669766305128e-30  1.07184279957172352e-30
B0531+21   13-Jan-15  220000.00   57035.91666666660             0.000051  0.489 -8.363
     -2762357.918912   29.669488747730   wb  300   12  1650.000                
 -4.83612013601664626e-09 -8.49113567928758001e-02 -4.98969878345308998e-06
  5.00207290823150172e-10  5.37241520452105328e-12 -4.92344292867312418e-16
 -3.54042325735083305e-18  1.40216350882673526e-21  6.54104598058353592e-24
 -4.07384868301979619e-26 -8.89145483138914223e-29  5.23458348272175491e-31
B0531+21   14-Jan-15   30000.00   57036.12500000000             0.000051  0.500 -8.145
     -2228332.990285   29.669488747730   wb  300   12  1650.000                
  9.89209021030091902e-09 -8.72562277402036679e-02 -2.15032444100820014e-06
  4.87723378258342403e-09  8.44475531681198992e-13 -4.68548695064169742e-15
 -4.99839162683782978e-19  4.00169426748665239e-21 -1.61450794943082385e-24
 -8.17306424796240554e-26  2.90213600007200461e-29  1.27376050549034707e-30
B0531+21   14-Jan-15   80000.00   57036.33333333330             0.000051  0.498 -8.416
     -1694308.436049   29.669488747730   wb  300   12  1650.000                
 -3.02522809222520754e-10 -8.73243554548579354e-02  1.47775435208669771e-06
  1.99367494275212739e-09 -4.93995635888097719e-12 -1.91209577763818755e-15
  3.13548167314035221e-18  1.34155618696290794e-21  4.93450707668260922e-25
 -1.91636958025011636e-26 -3.84429179408572582e-29  2.99711206047175622e-31
B0531+21   14-Jan-15  120000.00   57036.50000000000             0.000051  0.492 -8.150
     -1267088.660441   29.669488747730   wb  300   12  1650.000                
  7.77752262564960215e-09 -8.65595071883382694e-02  1.10776082937466184e-06
 -2.92480705288170850e-09 -4.34789234894707876e-12  2.80291159096168153e-15
  2.81992075246454918e-18 -1.46743709345107164e-21 -3.08644033593526524e-24
  8.17785479350698212e-27  3.62996739998835566e-29 -1.10195381706101543e-31
B0531+21   14-Jan-15  170000.00   57036.70833333330             0.000051  0.492 -8.409
      -733063.836909   29.669488747730   wb  300   12  1650.000                
 -1.35988231831122523e-09 -8.70081119960011556e-02 -2.86008307356493778e-06
 -4.58803153143003224e-09  1.98524187829295634e-12  4.36935748140454251e-15
 -1.29913339165997923e-18 -3.22721303937234513e-24  3.06623706833856760e-24
 -7.85921514241214957e-26 -6.00604179220100294e-29  1.19958871746689904e-30
B0531+21   14-Jan-15  220000.00   57036.91666666660             0.000051  0.504 -8.320
      -199039.497824   29.669488747730   wb  300   12  1650.000                
 -5.62924614337472189e-09 -8.95982732572782048e-02 -4.97463950206809565e-06
  5.84620655556265123e-10  5.36235765774440461e-12 -5.55485492112674229e-16
 -3.53899852716884351e-18 -2.39560455363842328e-22  6.37648684124094901e-24
  2.89064596926049120e-26 -7.99531813875321576e-29 -5.24170059643374321e-31
B0531+21   15-Jan-15   30000.00   57037.12500000000             0.000051  0.515 -8.123
       334984.028099   29.669488747730   wb  300   12  1650.000                
  7.92496604860073442e-09 -9.19153936702388069e-02 -2.08398479061652899e-06
  4.88973004243747338e-09  7.53752115593841184e-13 -4.66438570989283959e-15
 -5.80237130499841050e-19  1.00017476432505919e-21  4.94688823210031651e-24
  3.84384002748077516e-26 -7.85323968959302619e-29 -4.86564693875430153e-31
B0531+21   15-Jan-15   80000.00   57037.33333333330             0.000052  0.513 -8.323
       869007.190166   29.669488747730   wb  300   12  1650.000                
  3.52694766587596808e-09 -9.19498619145286550e-02  1.50962433807820285e-06
  1.91589219001907781e-09 -4.97652292257949863e-12 -1.86047107975196975e-15
  3.12583540888516372e-18  3.33863315186402115e-21  2.42304774431064188e-24
 -9.94008946573395920e-26 -7.41277812820381736e-29  1.46908302078251641e-30
B0531+21   15-Jan-15  120000.00   57037.50000000000             0.000052  0.507 -8.118
      1296225.856353   29.669488747730   wb  300   12  1650.000                
  9.67317404486434996e-09 -9.11839041527650745e-02  1.08173745987084049e-06
 -2.99269843265347924e-09 -4.29078501679769935e-12  2.87652913858452004e-15
  2.65114906737840301e-18 -1.94495193531457849e-21  2.45200036939993438e-24
  1.51939158163887189e-26 -4.65771833227115460e-29 -8.68565672018115847e-32
B0531+21   15-Jan-15  170000.00   57037.70833333330             0.000052  0.507 -8.402
      1830249.288970   29.669488747730   wb  300   12  1650.000                
  3.82824462878499343e-10 -9.16584271879061496e-02 -2.90503144723850454e-06
 -4.55597263827523755e-09  2.07054634969368530e-12  4.32688349939366965e-15
 -1.25550931283930279e-18  1.06840443118391526e-21 -1.96335036138531826e-24
 -1.17440259199431528e-25  2.87517697583267054e-29  1.70338977139530008e-30
B0531+21   15-Jan-15  220000.00   57037.91666666660             0.000052  0.520 -8.405
      2364272.230366   29.669488747730   wb  300   12  1650.000                
 -2.01181977523497732e-09 -9.42595565864933760e-02 -4.95816774264887245e-06
  6.68952829106263756e-10  5.35106025592630335e-12 -6.35413790921691782e-16
 -3.59083351945204267e-18 -3.36465605955346137e-22  9.48307978744720516e-24
  3.70547910510573423e-26 -1.36588027656836050e-28 -6.82561504904690948e-31
B0531+21   16-Jan-15   30000.00   57038.12500000000             0.000052  0.530 -8.120
      2898294.361385   29.669488747730   wb  300   12  1650.000                
  3.53948207688678626e-09 -9.65482721805068222e-02 -2.01707067002627861e-06
  4.90096033734647683e-09  6.61027966739456641e-13 -4.68109848348698032e-15
 -4.39070320689830358e-19  1.69502261374200168e-21  1.11418666746426945e-24
  7.19025297471666872e-27 -1.90632747462661000e-29  7.51951899768614848e-33
B0531+21   16-Jan-15   80000.00   57038.33333333330             0.000052  0.528 -8.332
      3432316.139186   29.669488747730   wb  300   12  1650.000                
 -1.30008202993453948e-09 -9.65490933134164619e-02  1.54101727695000879e-06
  1.83742410790002371e-09 -5.01223874919869276e-12 -1.77671401792954867e-15
  3.21442656130824519e-18  2.38920262818884614e-21 -9.44401814256114308e-25
 -5.95004099871089975e-26 -1.69253918480473229e-29  8.50885744817041575e-31
B0531+21   16-Jan-15  120000.00   57038.50000000000             0.000052  0.522 -8.122
      3859533.702226   29.669488747730   wb  300   12  1650.000                
  7.64992022825120575e-09 -9.57822646275052897e-02  1.05538121640284118e-06
 -3.05964904369063892e-09 -4.23373430239444638e-12  2.94607198016137511e-15
  2.60962320720446631e-18 -2.48961586221926020e-21  2.64626490242107342e-24
  3.58704552007982492e-26 -4.85133929495494149e-29 -3.79648293286569060e-31
B0531+21   16-Jan-15  170000.00   57038.70833333330             0.000052  0.522 -8.311
      4393555.751742   29.669488747730   wb  300   12  1650.000                
  1.27816125627169255e-10 -9.62825709590341278e-02 -2.94912292501949478e-06
 -4.52270367380524311e-09  2.15579454994535423e-12  4.31423985981398472e-15
 -1.29491288856799563e-18 -4.07245121246420720e-22 -2.26179250270736748e-24
 -6.47493690747276679e-26  2.85064857781229221e-29  1.01005541462220221e-30
B0531+21   16-Jan-15  220000.00   57038.91666666660             0.000052  0.535 -8.375
      4927577.303407   29.669488747730   wb  300   12  1650.000                
 -2.20700848965933467e-09 -9.88938947451535044e-02 -4.94020976761891184e-06
  7.53093615360448508e-10  5.33700493065216712e-12 -7.14332102259545364e-16
 -3.49251953596635442e-18 -2.84146508443205850e-22  4.88454245464817879e-24
  3.11256407519981860e-26 -5.50377648257862239e-29 -5.32880390211984100e-31
B0531+21   17-Jan-15   30000.00   57039.12500000000             0.000052  0.545 -8.100
      5461598.047723   29.669488747730   wb  300   12  1650.000                
  2.99250599597271610e-09 -1.01153513565467090e-01 -1.94952699544145739e-06
  4.91075252913072016e-09  5.68603909355688539e-13 -4.69132279728003695e-15
 -3.47622472119895046e-19  1.71593946072310219e-21 -9.86290482886277549e-25
  8.05551996043215644e-27  2.27072502036548596e-29 -1.07406905146283009e-32
B0531+21   17-Jan-15   80000.00   57039.33333333330             0.000052  0.543 -8.370
      5995618.449567   29.669488747730   wb  300   12  1650.000                
  1.80277939843302096e-09 -1.01120661530350986e-01  1.57200663413386876e-06
  1.75850431738701388e-09 -5.04567155346155410e-12 -1.71255904480603383e-15
  3.18095574877707868e-18  3.44741572845839489e-21  1.98470298910862032e-24
 -1.04953511022680311e-25 -6.89472283326990666e-29  1.54772784345266311e-30
B0531+21   17-Jan-15  120000.00   57039.50000000000             0.000052  0.537 -8.087
      6422834.916074   29.669488747730   wb  300   12  1650.000                
  8.64671448207615542e-09 -1.00353159871298545e-01  1.02878515174914752e-06
 -3.12564472683896005e-09 -4.17629368341219567e-12  3.01420325485652095e-15
  2.64061866690087275e-18 -3.44763666380422890e-21  2.12928694942862613e-25
  8.97668788098492407e-26 -1.73311467418419323e-29 -1.37735497192116612e-30
B0531+21   17-Jan-15  170000.00   57039.70833333330             0.000052  0.537 -8.327
      6956855.590739   29.669488747730   wb  300   12  1650.000                
 -3.42963287708542485e-09 -1.00879054622803735e-01 -2.99225395797185668e-06
 -4.48785967497879579e-09  2.24079973688061394e-12  4.25825214314523865e-15
 -1.37952353271413834e-18  1.73491957196761237e-21 -5.25452099225732472e-25
 -1.51642360102915440e-25 -2.92330409730971846e-30  2.29678491857917609e-30
B0531+21   17-Jan-15  220000.00   57039.91666666660             0.000052  0.550 -8.318
      7490875.761087   29.669488747730   wb  300   12  1650.000                
 -5.82915321746744195e-09 -1.03499740292148937e-01 -4.92068273397514933e-06
  8.36974126873329197e-10  5.32201296386379137e-12 -7.75594727922509447e-16
 -3.47478893948705020e-18 -2.19589685533398859e-21  4.53511297187794262e-24
  1.16008443724066151e-25 -5.11493785590254833e-29 -1.84866201133965876e-30
B0531+21   18-Jan-15   30000.00   57040.12500000000             0.000052  0.560 -8.087
      8024895.127372   29.669488747730   wb  300   12  1650.000                
  8.58599312010897679e-09 -1.05729522347962041e-01 -1.88127938563006182e-06
  4.91916819565742000e-09  4.77006076975178722e-13 -4.71054831546205033e-15
 -3.89294663118606057e-19  2.53126639890792085e-21  3.85671559974789881e-24
 -1.63913553627028718e-26 -5.92254336820191767e-29  2.43994881130479017e-31
B0531+21   18-Jan-15   80000.00   57040.33333333330             0.000052  0.558 -8.302
      8558914.162056   29.669488747730   wb  300   12  1650.000                
 -3.72506459314660946e-10 -1.05662922769224177e-01  1.60268300393863066e-06
  1.67894223710365215e-09 -5.07906629948258396e-12 -1.61666100657535793e-15
  3.35290151420014777e-18  1.69297680317417866e-21 -5.88634961483229263e-24
 -3.57853632962560053e-26  7.01186450575814823e-29  5.04297718401024163e-31
B0531+21   18-Jan-15  120000.00   57040.50000000000             0.000052  0.551 -8.089
      8986129.539045   29.669488747730   wb  300   12  1650.000                
  9.57411587800904520e-09 -1.04894899265632974e-01  1.00204424730430547e-06
 -3.19069090918312026e-09 -4.11568447085944026e-12  3.06990717556964705e-15
  2.48017096685316987e-18 -2.46229823287049603e-21  5.67934001962255614e-24
  3.52914099703358159e-26 -1.02809219955335595e-28 -4.02942188291962907e-31
B0531+21   18-Jan-15  170000.00   57040.70833333330             0.000052  0.552 -8.322
      9520148.847625   29.669488747730   wb  300   12  1650.000                
 -7.27514582011070700e-10 -1.05446120314342501e-01 -3.03431400352611925e-06
 -4.45187495789696652e-09  2.32556640189574054e-12  4.25120111190984244e-15
 -1.50108585929873442e-18 -9.44945759562923270e-22  2.72303672579949307e-24
 -3.85934844470928344e-26 -5.81979239628341403e-29  5.93635251366191614e-31
B0531+21   18-Jan-15  220000.00   57040.91666666660             0.000052  0.565 -8.328
     10054167.645606   29.669488747730   wb  300   12  1650.000                
 -7.71646647738539744e-09 -1.08075274625221832e-01 -4.89949190580604081e-06
  9.20850661322154245e-10  5.30551264304231406e-12 -8.90436913711635025e-16
 -3.48777184763794629e-18  1.08978743331987324e-21  6.22045756981826635e-24
 -1.59155448778099349e-26 -8.44003699901130860e-29  9.55647309068948731e-32
B0531+21   19-Jan-15   30000.00   57041.12500000000             0.000052  0.575 -8.056
     10588185.643086   29.669488747730   wb  300   12  1650.000                
  6.33107961760732464e-09 -1.10274430272891646e-01 -1.81224460282209926e-06
  4.92606554701305159e-09  3.83402795235034475e-13 -4.70975803470539338e-15
 -2.07668156790133220e-19  1.77795126744226022e-21 -2.26205405309825963e-24
  1.63425998733655031e-26  4.69970638058497547e-29 -2.68761296130690376e-31
B0531+21   19-Jan-15   80000.00   57041.33333333330             0.000052  0.572 -8.274
     11122203.319974   29.669488747730   wb  300   12  1650.000                
 -5.62659332208661480e-10 -1.10173963127932498e-01  1.63312198758556522e-06
  1.59915558011187540e-09 -5.10885579283772752e-12 -1.57315052347188436e-15
  3.25073330642998456e-18  4.59159669960958193e-21  2.64036002378593252e-25
 -1.50036197507691844e-25 -3.78724520949191377e-29  2.13444964849635517e-30
B0531+21   19-Jan-15  113000.00   57041.47916666660             0.000052  0.567 -8.051
     11496015.818134   29.669488747730   wb  300   12  1650.000                
  1.73127531005256799e-09 -1.09472378870366566e-01  1.24548535486300460e-06
 -2.74145379065014825e-09 -4.48903063283090741e-12  2.65283789275643967e-15
  3.00334158032702181e-18 -3.45654641798642140e-21 -7.44911964201909365e-24
  8.18516222897596157e-26  1.06852908866538312e-28 -1.05839356941602579e-30
B0531+21   19-Jan-15  163000.00   57041.68749999990             0.000052  0.566 -8.288
     12030033.783672   29.669488747730   wb  300   12  1650.000                
 -2.59170494339497478e-09 -1.09809401829202846e-01 -2.66604766943755646e-06
 -4.66477607235734663e-09  1.75573496505230240e-12  4.46550318301463580e-15
 -1.08604014182852827e-18 -1.99589913628130973e-21 -9.41368151648451637e-25
  1.06605696917606643e-27  1.56314491569657217e-29  5.50303570758169679e-34
B0531+21   19-Jan-15  213000.00   57041.89583333320             0.000052  0.578 -8.282
     12564051.296184   29.669488747730   wb  300   12  1650.000                
 -2.24643794863153444e-09 -1.12323700152746508e-01 -4.93818817053296718e-06
  3.63068368851038732e-10  5.38522903195301437e-12 -3.47821888471061845e-16
 -3.50705660796189116e-18  2.79447215192110681e-22  4.06134412777329822e-24
 -2.89669248297498421e-27 -3.64310422735815990e-29  6.93893908969095955e-32
B0531+21   20-Jan-15   23000.00   57042.10416666660             0.000052  0.589 -8.047
     13098068.002451   29.669488747730   wb  300   12  1650.000                
  4.35746551604517147e-09 -1.14668330553492945e-01 -2.18338192143090651e-06
  4.85430880856681181e-09  9.94219426445109824e-13 -4.64496330294726781e-15
 -6.92438538498352792e-19  2.78803119633963213e-21  4.09538802625151429e-24
 -5.05555629792848066e-26 -8.08666445053042589e-29  1.06447591542924366e-30
B0531+21   20-Jan-15   73000.00   57042.31249999990             0.000052  0.587 -8.290
     13632084.330659   29.669488747730   wb  300   12  1650.000                
  3.42672164797818161e-09 -1.14746810599757609e-01  1.49939419760704756e-06
  2.12024829252967013e-09 -4.87630474213271392e-12 -2.01558828258902689e-15
  3.03795348569519030e-18 -2.80867787048984336e-22  2.77748790812057663e-24
  5.30210442870505428e-26 -6.80780426687885210e-29 -8.14511041464177146e-31
