B0531+21   30-Dec-14  180000.00   57021.75000000000             0.000050  0.248 -8.525
    -39076773.938930   29.669488747730   ao  300   12  1650.000                
  1.61487629844557891e-10 -1.49691064623415759e-02  2.44513684254930523e-06
 -4.82538351882846379e-09 -6.64082883027114889e-12  4.62455356237151381e-15
  4.16260003982085619e-18 -2.40798988505651660e-21  2.23987782596047596e-24
  9.64209595479561861e-27 -6.33075127955619660e-29 -1.06523395352512839e-31
B0531+21   30-Dec-14  230000.00   57021.95833333330             0.000050  0.248 -8.516
    -38542727.582534   29.669488747730   ao  300   12  1650.000                
 -4.19449528577106254e-10 -1.52861502959868618e-02 -3.85362834987678674e-06
 -7.10169033378791617e-09  3.40805656622054162e-12  6.79826819331109323e-15
 -2.11887947025813421e-18 -3.17171377264729932e-21 -1.62112480756544973e-24
  5.74657672144156110e-27  3.36490629033620659e-29 -8.84034042302329132e-32
B0531+21   31-Dec-14   40000.00   57022.16666666660             0.000050  0.266 -8.532
    -38008681.867647   29.669488747730   ao  300   12  1650.000                
 -3.44947883177868474e-09 -1.89180930844272607e-02 -6.97022853753484313e-06
  1.20046612538233787e-09  8.38221734981106182e-12 -1.14624660462662489e-15
 -5.34416963908941557e-18  1.90713719253520932e-22  1.63465747510142299e-24
  1.90198798824713561e-26  1.84038864770896785e-30 -3.42878893375274465e-31
B0531+21   31-Dec-14   90000.00   57022.37500000000             0.000050  0.281 -8.529
    -37474637.278915   29.669488747730   ao  300   12  1650.000                
  5.22032571377635166e-10 -2.19895745478101770e-02 -2.26132239882058222e-06
  7.71689569041711961e-09  8.74127138121759916e-13 -7.39831940845612347e-15
 -7.50905158815766264e-19  4.51249829858340552e-21  9.06036242839955523e-24
 -4.47484244110205126e-26 -1.43698074629494046e-28  6.19494493629565099e-31
B0531+21   31-Dec-14  140000.00   57022.58333333330             0.000050  0.276 -8.483
    -36940593.084132   29.669488747730   ao  300   12  1650.000                
 -6.33848428320429695e-11 -2.14588259379182474e-02  3.26201075894371257e-06
  2.74277007099726356e-09 -7.93694311310652663e-12 -2.65218911183797094e-15
  5.06721041253221194e-18  4.00843145424924452e-21 -1.17287994252817581e-24
 -1.22328111760678788e-25 -1.78180506488957483e-29  1.92054157155819013e-30
B0531+21   31-Dec-14  180000.00   57022.75000000000             0.000050  0.265 -8.432
    -36513357.397810   29.669488747730   ao  300   12  1650.000                
  1.42164279807788013e-09 -1.98763884087314879e-02  2.39349638092477197e-06
 -4.92903668167022682e-09 -6.54901288127748561e-12  4.71657916800169460e-15
  4.13025070287611660e-18 -2.00952851588328695e-21  1.65138482363543362e-25
 -3.27144460255871884e-27 -1.81979729139069361e-29  4.17119269592026777e-32
B0531+21   31-Dec-14  230000.00   57022.95833333330             0.000050  0.265 -8.594
    -35979312.520111   29.669488747730   ao  300   12  1650.000                
 -1.16907023108066429e-09 -2.02395232112517406e-02 -3.93115426225660953e-06
 -7.04691747941759603e-09  3.54114739944892022e-12  6.72636494099851154e-15
 -2.21990640432250469e-18 -1.39857584723625695e-21 -8.09704979535263695e-26
 -6.29549808960135815e-26 -1.58798466537311979e-30  9.06700409023304020e-31
B0531+21    1-Jan-15   40000.00   57023.16666666660             0.000050  0.283 -8.460
    -35445268.295841   29.669488747730   ao  300   12  1650.000                
 -6.96862348690619263e-09 -2.38920285070794193e-02 -6.94935396854513241e-06
  1.33210109376908411e-09  8.35861134686076116e-12 -1.26609907600380891e-15
 -5.35348386675331053e-18 -4.78595782994737820e-22  2.74326364399326050e-24
  5.43120611218884057e-26 -1.45190709480848195e-29 -9.40299548179890308e-31
B0531+21    1-Jan-15   90000.00   57023.37500000000             0.000050  0.298 -8.476
    -34911225.194333   29.669488747730   ao  300   12  1650.000                
  3.20164528426781776e-09 -2.69226170578074457e-02 -2.16428219672182409e-06
  7.72929703425752589e-09  7.27253800129407044e-13 -7.37559338788977084e-15
 -4.83038749531038568e-19  1.52628571042958238e-21  9.82138415243537648e-25
  6.94522491099484561e-26 -1.26777802591416681e-29 -9.83892013203500392e-31
B0531+21    1-Jan-15  140000.00   57023.58333333330             0.000050  0.292 -8.526
    -34377182.471529   29.669488747730   ao  300   12  1650.000                
  7.20667822391441977e-10 -2.63451085838575724e-02  3.29955588299657532e-06
  2.61756275187350727e-09 -7.98749125909112271e-12 -2.53214454474662945e-15
  5.11132343365599283e-18  3.78370852200552481e-21 -1.31497794808160983e-24
 -1.10745084192776909e-25 -2.20604431479030314e-29  1.69055323030774657e-30
B0531+21    1-Jan-15  180000.00   57023.75000000000             0.000050  0.282 -8.445
    -33949947.957551   29.669488747730   ao  300   12  1650.000                
  4.53623861706866185e-09 -2.47670066960482028e-02  2.34069491782869762e-06
 -5.03133969728692910e-09 -6.45502585350186815e-12  4.82299933507271384e-15
  4.02042284868377585e-18 -2.59831310788009043e-21  3.05741549294841207e-24
  1.20060693415247516e-26 -6.96347414477195667e-29 -1.13980883823070455e-31
B0531+21    1-Jan-15  230000.00   57023.95833333330             0.000050  0.282 -8.509
    -33415904.553606   29.669488747730   ao  300   12  1650.000                
 -4.18395590586894284e-10 -2.51763986068434739e-02 -4.00797821922540084e-06
 -6.99011485564852716e-09  3.67421509301641102e-12  6.66766763815819691e-15
 -2.41351869235195903e-18 -1.03229003596127271e-21  4.92808657147586080e-24
 -7.72566069434587195e-26 -8.02376137246324416e-29  1.13833812679214457e-30
B0531+21    2-Jan-15   40000.00   57024.16666666660             0.000050  0.300 -8.418
    -32881861.814896   29.669488747730   ao  300   12  1650.000                
 -8.71952759439077870e-09 -2.88486604724067369e-02 -6.92687987044737543e-06
  1.46335246160086944e-09  8.33204318984240983e-12 -1.38909357479858804e-15
 -5.31561579117450719e-18 -7.45899825294821704e-22  2.12195965122723878e-24
  7.06565510003333355e-26 -1.03592683130484027e-29 -1.23356273022571698e-30
B0531+21    2-Jan-15   90000.00   57024.37500000000             0.000050  0.315 -8.456
    -32347820.195305   29.669488747730   ao  300   12  1650.000                
  4.51716541053995833e-09 -3.18377359683822969e-02 -2.06706840163394965e-06
  7.73975256180304167e-09  5.81938568363643569e-13 -7.42079456350911560e-15
 -3.89160207309334829e-19  4.57234356438172291e-21  5.48166796232312937e-26
 -4.79154433942659023e-26  1.25745277116339158e-29  6.89082170967763077e-31
B0531+21    2-Jan-15  140000.00   57024.58333333330             0.000050  0.309 -8.528
    -31813778.939146   29.669488747730   ao  300   12  1650.000                
 -2.71444200453381892e-09 -3.12139146247021847e-02  3.33566187222153624e-06
  2.49147337246510803e-09 -8.03541955924733424e-12 -2.38921933169476700e-15
  5.14752080596223253e-18  1.61555537600377856e-21 -2.10344546333368011e-24
 -2.25966451646746504e-26 -2.70924451053951192e-30  3.52493159711442387e-31
B0531+21    2-Jan-15  173000.00   57024.72916666660             0.000050  0.299 -8.413
    -31439949.781904   29.669488747730   ao  300   12  1650.000                
 -5.43481336024137073e-09 -2.97911919326958909e-02  2.71300867768854857e-06
 -4.32680867661286764e-09 -7.04101876650440509e-12  4.13302992953414297e-15
  4.55670083626158620e-18 -1.04624932501114100e-21 -4.67831782727476442e-24
 -3.61369988670073345e-26  5.47060241275964184e-29  6.09918232077444619e-31
B0531+21    2-Jan-15  223000.00   57024.93749999990             0.000050  0.298 -8.425
    -30905907.838730   29.669488747730   ao  300   12  1650.000                
 -7.26243611605327695e-09 -2.98706946786795602e-02 -3.44151867769748747e-06
 -7.32704533312160502e-09  2.77952640053202285e-12  7.01448317161667080e-15
 -1.76618782042496538e-18 -3.20885738660650869e-21  2.15051946041107540e-25
  1.49026756890945100e-27  6.32960025432349843e-30 -2.20970450603832531e-33
B0531+21    3-Jan-15   33000.00   57025.14583333320             0.000050  0.315 -8.439
    -30371866.472509   29.669488747730   ao  300   12  1650.000                
  3.96680873716024392e-09 -3.33702769036149371e-02 -7.00110903460180858e-06
  5.86887672484707136e-10  8.45988581766724282e-12 -5.49243964961094961e-16
 -5.39371513390111797e-18 -6.14102323406039318e-22  1.86055408985314435e-24
  2.89564039430647574e-26 -3.05413976568687025e-30 -3.43469493448638560e-31
B0531+21    3-Jan-15   83000.00   57025.35416666660             0.000050  0.331 -8.359
    -29837826.236812   29.669488747730   ao  300   12  1650.000                
 -1.25191779498643233e-09 -3.65957770890786224e-02 -2.66263415013786237e-06
  7.62888132126845656e-09  1.54053076180860417e-12 -7.30175336180175294e-15
 -9.20399855331192377e-19  3.62802237288166027e-21 -2.91045681462650381e-24
 -2.21595834816563505e-26  5.87728776556389361e-29  4.45702619774681220e-31
B0531+21    3-Jan-15  133000.00   57025.56249999990             0.000050  0.327 -8.410
    -29303786.457072   29.669488747730   ao  300   12  1650.000                
 -4.70663539759108790e-09 -3.62600968845257637e-02  3.11453729934305119e-06
  3.31127963252988721e-09 -7.67256250808611579e-12 -3.16892086637716938e-15
  4.85655700891042681e-18  1.70984581186596238e-21  1.43046584943439984e-25
 -1.49658524917804715e-26 -2.98295827092814716e-29  2.58678268602945756e-31
B0531+21    3-Jan-15  173000.00   57025.72916666660             0.000050  0.316 -8.411
    -28876554.323266   29.669488747730   ao  300   12  1650.000                
 -1.28830493120538623e-09 -3.46450820521582020e-02  2.66735619046029144e-06
 -4.43702822985951217e-09 -6.95826369724194355e-12  4.27195636902669943e-15
  4.46595556440078557e-18 -4.05989752734916555e-21 -2.60965870394465445e-24
  8.22075416831492445e-26  1.88371087193103669e-29 -1.13440358573264719e-30
B0531+21    3-Jan-15  223000.00   57025.93749999990             0.000050  0.314 -8.313
    -28342513.842463   29.669488747730   ao  300   12  1650.000                
 -2.45943483938635245e-10 -3.47694883231894347e-02 -3.52161917218556794e-06
 -7.28238297773959029e-09  2.91759506460747564e-12  7.01123502140106905e-15
 -1.86926141004339382e-18 -6.57851470616691336e-21 -5.62611571290054435e-25
  1.27541220164773352e-25  3.46991232650266812e-29 -1.73610770357310384e-30
B0531+21    4-Jan-15   33000.00   57026.14583333320             0.000050  0.332 -8.475
    -27808473.950927   29.669488747730   ao  300   12  1650.000                
  4.17217244665758031e-09 -3.82930462967747617e-02 -6.98731635352839220e-06
  7.19881883120208298e-10  8.44842017344082004e-12 -6.80481267374477078e-16
 -5.45934841975734848e-18 -2.53027813372532699e-22  4.62190527174606562e-24
  1.88438979145069439e-26 -4.01466189383089321e-29 -2.22140833545215182e-31
B0531+21    4-Jan-15   83000.00   57026.35416666660             0.000050  0.348 -8.378
    -27274435.187620   29.669488747730   ao  300   12  1650.000                
  1.51660018509869982e-09 -4.14804507167695694e-02 -2.56641985813703504e-06
  7.65191550813352716e-09  1.39704877360883396e-12 -7.30515923018903307e-15
 -8.53512166497190984e-19  1.69418342431373110e-21 -1.86147740865792868e-24
  6.26658941458051297e-26  4.09885772373352424e-29 -8.65179614172338352e-31
B0531+21    4-Jan-15  133000.00   57026.56249999990             0.000050  0.343 -8.467
    -26740396.865149   29.669488747730   ao  300   12  1650.000                
 -3.99359577958968508e-09 -4.10958893753726948e-02  3.15897407645437996e-06
  3.19016882925084601e-09 -7.73368951546188867e-12 -3.05575749808811024e-15
  4.89586842157321243e-18  1.65322118295864488e-21  3.16784427643507670e-26
 -8.01481447267878451e-27 -2.60146638615910846e-29  8.15496678378760166e-32
B0531+21    4-Jan-15  173000.00   57026.72916666660             0.000050  0.332 -8.364
    -26313165.891155   29.669488747730   ao  300   12  1650.000                
  1.17141170732993683e-09 -3.94818227289913046e-02  2.62048513526236519e-06
 -4.54571704654829420e-09 -6.87362226567776583e-12  4.36539340197524450e-15
  4.42759975378731578e-18 -3.09575448101118662e-21 -4.10602315978931477e-24
  4.11511340809794986e-26  5.21690296906113350e-29 -5.38595782401774842e-31
B0531+21    4-Jan-15  223000.00   57026.93749999990             0.000050  0.331 -8.496
    -25779126.867638   29.669488747730   ao  300   12  1650.000                
 -3.80503729051221221e-09 -3.96513511068227256e-02 -3.60109490628830341e-06
 -7.23520084523265813e-09  3.05390744641926599e-12  6.92603819586806368e-15
 -1.98516279323800059e-18 -3.42514989684935012e-21  2.67806429865874083e-24
  2.28297335921404145e-26 -3.72102501006849372e-29 -4.61739064751070811e-31
B0531+21    5-Jan-15   33000.00   57027.14583333320             0.000050  0.349 -8.458
    -25245088.445605   29.669488747730   ao  300   12  1650.000                
 -1.34125639109463398e-09 -4.31980932752923305e-02 -6.97186169603984790e-06
  8.52679869793583630e-10  8.43169101100235090e-12 -8.16310601038951640e-16
 -5.24674954380960038e-18  6.41296871317880389e-22 -4.39437460133528388e-24
 -1.34390740315097987e-26  1.03547190521010699e-28  2.12499089102512133e-31
B0531+21    5-Jan-15   83000.00   57027.35416666660             0.000050  0.364 -8.310
    -24711051.149247   29.669488747730   ao  300   12  1650.000                
 -5.63237183290295825e-09 -4.63467063132233376e-02 -2.46985060842238805e-06
  7.67274369115227729e-09  1.25172993261897858e-12 -7.32176007096042954e-15
 -6.31061493202536645e-19  1.41588728697256135e-21 -7.84876339653946216e-24
  7.60249319390791628e-26  1.36646059946874424e-28 -1.11312928806097091e-30
B0531+21    5-Jan-15  133000.00   57027.56249999990             0.000050  0.359 -8.471
    -24177014.278548   29.669488747730   ao  300   12  1650.000                
  2.18125210293729265e-10 -4.59136206135032018e-02  3.20207510980510146e-06
  3.06799969233222562e-09 -7.79268606290197962e-12 -2.92102146001657477e-15
  4.95070327167156572e-18  8.64050384232713390e-23 -6.93510190493173424e-25
  4.86805967142100417e-26 -1.58365808935086547e-29 -6.99363885955501534e-31
B0531+21    5-Jan-15  173000.00   57027.72916666660             0.000050  0.349 -8.371
    -23749784.460112   29.669488747730   ao  300   12  1650.000                
  4.43364844110891664e-10 -4.43011712838069505e-02  2.57244416180663215e-06
 -4.65303114790675201e-09 -6.78656462580220440e-12  4.45343389560195723e-15
  4.29879709658689329e-18 -1.72278887766801674e-21 -1.63375311166018384e-25
 -1.94714756700156474e-26 -1.56908381125101429e-29  4.07938405128248476e-31
B0531+21    5-Jan-15  223000.00   57027.93749999990             0.000050  0.348 -8.552
    -23215746.888721   29.669488747730   ao  300   12  1650.000                
  2.73205917395889179e-09 -4.45160059438141562e-02 -3.67989422529513151e-06
 -7.18607835478247205e-09  3.18937322127259977e-12  6.87934922235469635e-15
 -2.02436377529466292e-18 -2.96620089435991967e-21 -1.76698132036120932e-25
 -1.32123317952967508e-26  1.81647718751123682e-29  3.23998146594328488e-31
B0531+21    6-Jan-15   33000.00   57028.14583333320             0.000050  0.365 -8.410
    -22681709.930921   29.669488747730   ao  300   12  1650.000                
  3.68520539979793520e-09 -4.80851127126495845e-02 -6.95473548318933786e-06
  9.85243457863531970e-10  8.41624919736796597e-12 -9.51535605371834990e-16
 -5.43851616746401893e-18  1.40943532923475091e-21  4.95172494250992216e-24
 -4.12383777789390377e-26 -5.02747143107521807e-29  6.25907529181862496e-31
B0531+21    6-Jan-15   83000.00   57028.35416666660             0.000050  0.381 -8.296
    -22147674.095976   29.669488747730   ao  300   12  1650.000                
  1.56503654519521754e-09 -5.11942275395656440e-02 -2.37292733747278556e-06
  7.69128863714100692e-09  1.10815280573350213e-12 -7.33301521214245024e-15
 -6.56572221572217941e-19  1.04861200180027490e-21 -1.97326483171484345e-24
  8.30814373094078577e-26  3.34319724254716179e-29 -1.11281658496714538e-30
B0531+21    6-Jan-15  133000.00   57028.56249999990             0.000050  0.376 -8.415
    -21613638.671456   29.669488747730   ao  300   12  1650.000                
 -3.07980518434521240e-09 -5.07129659820893808e-02  3.24386022002796150e-06
  2.94514866003722120e-09 -7.84769637654185951e-12 -2.82541452283575800e-15
  4.82664310324415544e-18  1.56416884263914393e-21  6.42513635370161541e-24
  4.16966022579745767e-27 -1.29033099343564795e-28 -2.62363614179386909e-31
B0531+21    6-Jan-15  173000.00   57028.72916666660             0.000050  0.365 -8.332
    -21186410.004245   29.669488747730   ao  300   12  1650.000                
 -2.76223200534689848e-09 -4.91027827501496761e-02  2.52328894146774478e-06
 -4.75907249589666113e-09 -6.69843155514685293e-12  4.56922845427908583e-15
  4.28586775157205534e-18 -3.38734623980198271e-21 -1.67559788639618401e-24
  5.72655870522664454e-26  9.29704350461614744e-31 -8.77697957817211313e-31
B0531+21    6-Jan-15  223000.00   57028.93749999990             0.000050  0.364 -8.515
    -20652373.879708   29.669488747730   ao  300   12  1650.000                
  6.26173565113714772e-10 -4.93630706971979125e-02 -3.75795231542210509e-06
 -7.13478785919154749e-09  3.32465564083258952e-12  6.83425747136179363e-15
 -2.18312389869991425e-18 -3.78250626195135906e-21  3.97333457470793568e-24
  3.70635337670508085e-26 -6.05401532406808787e-29 -6.29171498851471633e-31
B0531+21    7-Jan-15   33000.00   57029.14583333320             0.000050  0.382 -8.527
    -20118338.380752   29.669488747730   ao  300   12  1650.000                
  1.32881539642869294e-09 -5.29536909418500193e-02 -6.93588092166313753e-06
  1.11743187418884799e-09  8.39588373367211398e-12 -1.06442689032403309e-15
 -5.36149431750215094e-18  2.44049026696386213e-22  1.90374796966832729e-24
  4.61221310218939191e-27  1.50051825736940747e-30  1.05742945403108400e-32
B0531+21    7-Jan-15   83000.00   57029.35416666660             0.000050  0.397 -8.273
    -19584304.001560   29.669488747730   ao  300   12  1650.000                
 -2.67059357362547261e-09 -5.60225877938740000e-02 -2.27562704787843483e-06
  7.70772315349640364e-09  9.62827224652609246e-13 -7.37505333946253170e-15
 -5.04571834851880698e-19  3.45090295320416683e-21 -5.20926954219786932e-24
 -1.16804691744772096e-26  9.37159403555273137e-29  2.59637203052528995e-31
B0531+21    7-Jan-15  133000.00   57029.56249999990             0.000050  0.392 -8.463
    -19050270.017494   29.669488747730   ao  300   12  1650.000                
 -1.15549571946227630e-09 -5.54934871714148972e-02  3.28437574945538976e-06
  2.82123505828420447e-09 -7.90372775553661852e-12 -2.69420041752442175e-15
  5.07150281010155221e-18  6.08792025763154801e-22 -3.41489566737672936e-24
  3.16654907813764959e-26  3.22281374566873400e-29 -5.52410746050841784e-31
B0531+21    7-Jan-15  173000.00   57029.72916666660             0.000050  0.381 -8.321
    -18623042.497068   29.669488747730   ao  300   12  1650.000                
 -2.66003958499354547e-10 -5.38861990730712045e-02  2.47307211738586253e-06
 -4.86359158418001470e-09 -6.60782485572647524e-12  4.65261236377800008e-15
  4.22159040639317253e-18 -1.52305422433798711e-21 -1.22444984470006882e-24
 -3.40354053293696387e-26 -8.04789479721304825e-30  6.61149165094016291e-31
B0531+21    7-Jan-15  223000.00   57029.93749999990             0.000050  0.380 -8.414
    -18089007.813974   29.669488747730   ao  300   12  1650.000                
 -5.42865051942806841e-10 -5.41920484988185833e-02 -3.83520045851338064e-06
 -7.08139776852746524e-09  3.45825537438641697e-12  6.77992572828356931e-15
 -2.24963150939883317e-18 -3.19076374797568147e-21  2.95902359945663840e-24
  6.89180208276604059e-27 -4.03239950036180695e-29 -1.03245020162643243e-31
B0531+21    8-Jan-15   33000.00   57030.14583333320             0.000050  0.398 -8.479
    -17554973.768317   29.669488747730   ao  300   12  1650.000                
 -1.49931170855877906e-09 -5.78033002594145820e-02 -6.91527174179705501e-06
  1.24933675904749965e-09  8.37348878570559221e-12 -1.19066093819089654e-15
 -5.34525501336920092e-18  4.41386119139572838e-22  2.22453204696308337e-24
 -5.12813025813024275e-27 -9.39096722259441839e-30  2.07582524788467921e-31
B0531+21    8-Jan-15   83000.00   57030.35416666660             0.000051  0.413 -8.253
    -17020940.839056   29.669488747730   ao  300   12  1650.000                
 -2.60898140300562802e-09 -6.08312467363727946e-02 -2.17794673879974253e-06
  7.72177074929995553e-09  8.18725424396071487e-13 -7.38857831755872730e-15
 -5.34762926840566925e-19  3.52115743050247722e-21  6.95681180210945861e-25
 -1.57065122106287513e-26 -7.21523789179573991e-30  3.27483495193603615e-31
B0531+21    8-Jan-15  133000.00   57030.56249999990             0.000051  0.408 -8.390
    -16486908.289559   29.669488747730   ao  300   12  1650.000                
  9.01383753705906456e-10 -6.02546347544452993e-02  3.32363425362190121e-06
  2.69656721965027419e-09 -7.95573906199548894e-12 -2.57753159120288075e-15
  5.09999687060324638e-18  9.53256412223059529e-22 -2.35130936296967161e-24
  1.05093039582322227e-26  2.40021543895628888e-30 -1.73767027484120671e-31
B0531+21    8-Jan-15  173000.00   57030.72916666660             0.000051  0.397 -8.304
    -16059681.911344   29.669488747730   ao  300   12  1650.000                
 -5.27905721825532243e-10 -5.86508505757374551e-02  2.42184950754821959e-06
 -4.96680304916349954e-09 -6.51574255126758332e-12  4.77288322429089508e-15
  4.22829317832573046e-18 -3.73284257945747645e-21 -4.78698554067202425e-24
  6.04175068359810781e-26  5.80279528058385323e-29 -8.26323440647792830e-31
B0531+21    8-Jan-15  223000.00   57030.93749999990             0.000051  0.397 -8.364
    -15525648.664101   29.669488747730   ao  300   12  1650.000                
  1.83752235957234788e-09 -5.90023336376566676e-02 -3.91158188462760725e-06
 -7.02592760329043888e-09  3.59093262705788100e-12  6.73362292186096332e-15
 -2.32730995098486149e-18 -3.72761343107979986e-21  2.68917663576574866e-24
  2.77303727425633142e-26 -3.48441555381026996e-29 -3.94094199513866857e-31
B0531+21    9-Jan-15   33000.00   57031.14583333320             0.000051  0.415 -8.386
    -14991616.066014   29.669488747730   ao  300   12  1650.000                
  1.96733260019295525e-09 -6.26333065506182868e-02 -6.89287831879748154e-06
  1.38088107854908317e-09  8.34881051775462298e-12 -1.31210993226398184e-15
 -5.32228500214245395e-18 -1.16079509074532605e-23  1.39860895363368435e-24
  1.95111754695531300e-26  1.00756963545661159e-29 -2.16637668029044707e-31
B0531+21    9-Jan-15   83000.00   57031.35416666660             0.000051  0.429 -8.250
    -14457584.580670   29.669488747730   ao  300   12  1650.000                
 -4.56233128113083843e-10 -6.56195606629792066e-02 -2.07987110717937119e-06
  7.73349204347806072e-09  6.72913429648262456e-13 -7.38683847150739350e-15
 -4.01024590503782444e-19  2.22184562656964210e-21 -1.12157021618744629e-24
  3.96609632341619797e-26  2.28001748170716925e-29 -5.10692894337594192e-31
B0531+21    9-Jan-15  133000.00   57031.56249999990             0.000051  0.424 -8.381
    -13923553.459661   29.669488747730   ao  300   12  1650.000                
 -5.72150852916212052e-09 -6.49957582778525611e-02  3.36166052873703037e-06
  2.57110465855090325e-09 -8.00490847447604449e-12 -2.45379534903089838e-15
  5.08979681540229918e-18  4.43170588165762147e-22 -4.38103818778189158e-25
  3.16125756537672581e-26 -2.74429775468795243e-29 -5.05790519527169472e-31
B0531+21    9-Jan-15  173000.00   57031.72916666660             0.000051  0.413 -8.248
    -13496328.218925   29.669488747730   ao  300   12  1650.000                
  5.38014262789721044e-10 -6.33960698253553251e-02  2.36967089232302048e-06
 -5.06843794968635471e-09 -6.42227097742397969e-12  4.86512077355391099e-15
  4.28561852069958301e-18 -3.18802950105393661e-21 -1.03971613098079250e-23
  3.24260236450008482e-26  1.51725164331243646e-28 -3.61032308569518333e-31
B0531+21    9-Jan-15  223000.00   57031.93749999990             0.000051  0.413 -8.390
    -12962296.401739   29.669488747730   ao  300   12  1650.000                
 -2.23071271134353934e-10 -6.37932257368817868e-02 -3.98704205266100395e-06
 -6.96828249820194739e-09  3.72273394958553898e-12  6.66772794434959873e-15
 -2.40904172193573296e-18 -2.81805510140361610e-21  2.01174435076029292e-24
 -4.69373117002505602e-27 -1.56341032938988381e-29  4.90375622229513353e-32
B0531+21   10-Jan-15   33000.00   57032.14583333320             0.000051  0.431 -8.394
    -12428265.245277   29.669488747730   ao  300   12  1650.000                
  9.14504267397666520e-10 -6.74429848833578566e-02 -6.86867715862234425e-06
  1.51206184019337578e-09  8.32209238393377871e-12 -1.44642773510295930e-15
 -5.34623825288611803e-18  9.28087125741360257e-22  2.96271562131852574e-24
 -1.56820187313161956e-26 -1.22450298469217677e-29  2.73802552967778469e-31
B0531+21   10-Jan-15   83000.00   57032.35416666660             0.000051  0.445 -8.240
    -11894235.197618   29.669488747730   ao  300   12  1650.000                
  1.20302743142707935e-09 -7.03867995369982236e-02 -1.98140666143880300e-06
  7.74300896013333205e-09  5.27175745526031545e-13 -7.40628876289814019e-15
 -2.74626468427383284e-19  3.43416054373681686e-21 -3.08054457727333977e-24
 -1.67952421418176356e-26  5.65131656433769257e-29  4.09188406736794902e-31
B0531+21   10-Jan-15  133000.00   57032.56249999990             0.000051  0.439 -8.398
    -11360205.498797   29.669488747730   ao  300   12  1650.000                
  2.29553852180752792e-10 -6.97161246307314436e-02  3.39847479553852057e-06
  2.44493769386270793e-09 -8.05262558434752549e-12 -2.34215021721077477e-15
  5.18466678152889019e-18  1.12639946071227659e-21 -3.34549691538800812e-24
  6.77646032391178560e-27  1.76319904699998030e-29 -2.15084678948760543e-31
B0531+21   10-Jan-15  170000.00   57032.70833333330             0.000051  0.430 -8.229
    -10986384.424438   29.669488747730   ao  300   12  1650.000                
  5.31724899572076030e-09 -6.82733561641751807e-02  2.74629720003158234e-06
 -4.36734872982021658e-09 -7.00981959071268456e-12  4.18648832606927672e-15
  4.43414568111312876e-18 -2.09539371826148246e-21  9.41486547733345740e-25
 -1.13942759269209571e-27 -4.88922336375810489e-29  1.46321712524489051e-31
B0531+21   10-Jan-15  220000.00   57032.91666666660             0.000051  0.428 -8.429
    -10452354.023686   29.669488747730   ao  300   12  1650.000                
  8.73735942243238995e-10 -6.83392987703273502e-02 -3.42076066810512439e-06
 -7.31022265696348312e-09  2.83038620338022010e-12  6.99364570877130136e-15
 -1.79520650008682689e-18 -2.44150850889238247e-21  1.41999304532692869e-25
 -3.80288131000967972e-26  6.13289554858652508e-30  6.74439514663843741e-31
B0531+21   11-Jan-15   30000.00   57033.12499999990             0.000051  0.445 -8.460
     -9918324.195371   29.669488747730   ao  300   12  1650.000                
 -2.76790858692209851e-09 -7.18174458769083313e-02 -6.94536706009230877e-06
  6.36537786757943070e-10  8.45734048752782593e-12 -6.12687341476560150e-16
 -5.56573351562012635e-18  3.84747296015985854e-22  8.90170280561920889e-24
  6.04504490932657663e-27 -1.06567225562786571e-28 -1.94636739589247192e-31
B0531+21   11-Jan-15   80000.00   57033.33333333330             0.000051  0.461 -8.223
     -9384295.487613   29.669488747730   ao  300   12  1650.000                
  2.99425756696958918e-09 -7.49983573306144818e-02 -2.57602183392541853e-06
  7.63781209123884537e-09  1.48834365933549151e-12 -7.29149739098335607e-15
 -1.00399771622200040e-18  1.72716191991084847e-21  3.16591351443718942e-24
  6.32721909216708617e-26 -5.13003199811726136e-29 -9.33672184895387202e-31
B0531+21   11-Jan-15  130000.00   57033.54166666660             0.000051  0.456 -8.434
     -8850267.221034   29.669488747730   ao  300   12  1650.000                
 -2.44674106540979878e-09 -7.46138578646606959e-02  3.18240312530336826e-06
  3.26686758510453764e-09 -7.69565480137123824e-12 -3.11851320443319918e-15
  4.89553918734616433e-18  8.02208345466999483e-22 -3.39659810585557882e-25
  2.34654432608520319e-26 -3.07807291296002909e-29 -3.20138711303987417e-31
B0531+21   11-Jan-15  170000.00   57033.70833333330             0.000051  0.445 -8.210
     -8423044.288876   29.669488747730   ao  300   12  1650.000                
  2.34519200044256857e-09 -7.29744450241689852e-02  2.70169498721976993e-06
 -4.47685667094172573e-09 -6.92581702187277459e-12  4.29338557860878793e-15
  4.33024483151018047e-18 -2.49172295449879056e-21  2.28276855326554157e-24
  1.62595295772721317e-26 -5.86466751060700683e-29 -1.36510176230726529e-31
B0531+21   11-Jan-15  220000.00   57033.91666666660             0.000051  0.444 -8.422
     -7889015.304539   29.669488747730   ao  300   12  1650.000                
 -2.16979140949633974e-09 -7.30844556674479923e-02 -3.49908052476713419e-06
 -7.26454649022724511e-09  2.96799569066886169e-12  6.95462719684104011e-15
 -1.91777565322791076e-18 -3.05181949602321755e-21  1.26151218149692841e-24
 -6.04663793180199511e-27 -4.95715636374107199e-30  1.28499019985410123e-31
B0531+21   12-Jan-15   30000.00   57034.12499999990             0.000051  0.461 -8.440
     -7354986.904640   29.669488747730   ao  300   12  1650.000                
 -6.89242535486004563e-09 -7.65853401948989043e-02 -6.92935140276100044e-06
  7.69446786136124728e-10  8.44227243684326456e-12 -7.34913542244386187e-16
 -5.37638952215711591e-18  2.12069631030271348e-22  1.10387562746221887e-24
  1.08830710232015646e-26  1.68436228683562755e-29 -2.39640261522591782e-31
B0531+21   12-Jan-15   80000.00   57034.33333333330             0.000051  0.477 -8.209
     -6820959.622618   29.669488747730   ao  300   12  1650.000                
  5.35667105727132269e-09 -7.97269230898014769e-02 -2.47802570194647354e-06
  7.66019926311736754e-09  1.34459505172114507e-12 -7.32776665401201893e-15
 -9.39288148737236885e-19  3.36275696367636214e-21  4.73221927946318411e-24
 -1.38229157749520184e-26 -8.17792279017720002e-29  3.62681419420239746e-31
B0531+21   12-Jan-15  130000.00   57034.54166666660             0.000051  0.472 -8.408
     -6286932.766336   29.669488747730   ao  300   12  1650.000                
 -2.16211083641681045e-09 -7.92926696321588909e-02  3.22804210922614172e-06
  3.14540379331465131e-09 -7.75626196916598141e-12 -3.00179719991313034e-15
  4.98593231133268953e-18  9.57426305304645194e-22 -3.16642676370952044e-24
  7.34417654819973151e-27  2.02469754398786133e-29  1.09474215346106590e-32
B0531+21   12-Jan-15  170000.00   57034.70833333330             0.000051  0.461 -8.180
     -5859710.956245   29.669488747730   ao  300   12  1650.000                
  3.40144393559710823e-09 -7.76536299517855688e-02  2.65612629718903771e-06
 -4.58511404596189383e-09 -6.84134204361106615e-12  4.40972464648752281e-15
  4.34195295360936306e-18 -3.53661158011352856e-21 -4.74740969400726973e-26
  5.16658214364654305e-26 -2.67689737004845957e-29 -6.04865669203254686e-31
B0531+21   12-Jan-15  220000.00   57034.91666666660             0.000051  0.459 -8.392
     -5325683.381793   29.669488747730   ao  300   12  1650.000                
 -1.83699816111020401e-10 -7.78077800459927721e-02 -3.57653035762685254e-06
 -7.21666344762755381e-09  3.10347473955237991e-12  6.90082048414882608e-15
 -1.93654765280645069e-18 -2.34525509327475423e-21 -1.24772631874220222e-24
 -3.35706179952039164e-26  3.04842935365750991e-29  5.50488504281132305e-31
B0531+21   13-Jan-15   30000.00   57035.12499999990             0.000051  0.477 -8.481
     -4791656.403633   29.669488747730   ao  300   12  1650.000                
 -1.88808508495212461e-09 -8.13304672377062887e-02 -6.91146035887561798e-06
  9.02137280075838018e-10  8.42682128763424819e-12 -8.51017514051830829e-16
 -5.39256659299751971e-18 -8.58162957162836669e-22  2.33103220090383235e-24
  5.91863375978846667e-26 -5.03975291867959569e-30 -9.64977978879389045e-31
B0531+21   13-Jan-15   80000.00   57035.33333333330             0.000051  0.492 -8.180
     -4257630.540372   29.669488747730   ao  300   12  1650.000                
  3.39095386716305115e-09 -8.44318903852929598e-02 -2.37945544925762624e-06
  7.68026735631670185e-09  1.19928007326775673e-12 -7.34982528602892451e-15
 -7.26362448166214285e-19  3.58641347139155246e-21 -1.19892755875338926e-24
 -1.86426957272857265e-26  1.92602310832157825e-29  3.74261468019485975e-31
B0531+21   13-Jan-15  130000.00   57035.54166666660             0.000051  0.487 -8.427
     -3723605.087316   29.669488747730   ao  300   12  1650.000                
 -8.24921070241200170e-10 -8.39481074884583234e-02  3.27257119654863079e-06
  3.02303240312011161e-09 -7.81467707507256683e-12 -2.88371102827386494e-15
  5.05755819194358362e-18  7.44839223581492595e-22 -4.52072173747493786e-24
  1.70101935850900344e-26  3.99434417929745334e-29 -1.77465601874394399e-31
B0531+21   13-Jan-15  170000.00   57035.70833333330             0.000051  0.476 -8.171
     -3296384.393752   29.669488747730   ao  300   12  1650.000                
  5.71206286537939473e-09 -8.23100004792882561e-02  2.60961693011370462e-06
 -4.69187359788368835e-09 -6.75448402575473487e-12  4.50283535749905028e-15
  4.32773185876040014e-18 -3.00039920108106927e-21 -1.41134264357914917e-24
  3.49874847438159966e-26 -1.25417289908720108e-29 -4.28364119807095993e-31
B0531+21   13-Jan-15  220000.00   57035.91666666660             0.000051  0.475 -8.401
     -2762358.222374   29.669488747730   ao  300   12  1650.000                
 -3.37325927830995926e-09 -8.25083338319550497e-02 -3.65307500683544806e-06
 -7.16659528500652483e-09  3.23973456016420369e-12  6.83474692314170940e-15
 -2.11638398670959798e-18 -6.83889270379505949e-22  3.07857703804684150e-24
 -9.83755956835249552e-26 -4.20445369008851785e-29  1.48210413685482855e-30
B0531+21   14-Jan-15   30000.00   57036.12499999990             0.000051  0.493 -8.375
     -2228332.658996   29.669488747730   ao  300   12  1650.000                
 -3.20874786973162490e-09 -8.60518675804239491e-02 -6.89166076329017876e-06
  1.03462736807781097e-09  8.40774452162867442e-12 -9.79615349716204903e-16
 -5.28496481446303138e-18 -7.00852453231565184e-22 -2.28372099990146122e-24
  5.63667003986354431e-26  7.39989935401546428e-29 -9.35984842103477195e-31
B0531+21   14-Jan-15   80000.00   57036.33333333330             0.000051  0.508 -8.144
     -1694308.207231   29.669488747730   ao  300   12  1650.000                
  4.47901195031073166e-09 -8.91122956890388757e-02 -2.28031997264361632e-06
  7.69799956736079840e-09  1.05486813743787306e-12 -7.35233049487865506e-15
 -6.45840838539636513e-19  2.33075988044639782e-21 -1.15593360968800328e-24
  2.90995303745556829e-26  2.31987132521310780e-29 -2.83389067262260942e-31
B0531+21   14-Jan-15  130000.00   57036.54166666660             0.000051  0.502 -8.340
     -1160284.150041   29.669488747730   ao  300   12  1650.000                
 -4.54250848484012877e-09 -8.85792051568194405e-02  3.31599982700191048e-06
  2.89991647401882624e-09 -7.86980657252182344e-12 -2.79335235456260965e-15
  5.04779050006306288e-18  2.93999093576344549e-21 -2.68957783811412026e-24
 -6.37406577469136071e-26  1.14309613839034857e-29  8.90608377438905129e-31
B0531+21   14-Jan-15  170000.00   57036.70833333330             0.000051  0.491 -8.163
      -733064.567228   29.669488747730   ao  300   12  1650.000                
  5.31150919646157006e-09 -8.69425743919604310e-02  2.56221034202797394e-06
 -4.79731043390608572e-09 -6.66427203456939179e-12  4.60471627979319803e-15
  4.17872701790754610e-18 -3.08314270703081743e-21  2.74510347104475141e-24
  3.56271579834198183e-26 -7.90675061796993319e-29 -4.26148114088249321e-31
B0531+21   14-Jan-15  220000.00   57036.91666666660             0.000051  0.491 -8.353
      -199039.791816   29.669488747730   ao  300   12  1650.000                
 -2.62657607379905393e-09 -8.71851016475779506e-02 -3.72864740611802175e-06
 -7.11458959872942516e-09  3.37404901098968733e-12  6.80655673338116562e-15
 -2.17388143430808827e-18 -2.49511419049036036e-21  1.26576240043326538e-24
 -2.85695763120563481e-26 -5.69267697214420960e-30  4.93196882143560448e-31
B0531+21   15-Jan-15   30000.00   57037.12499999990             0.000051  0.508 -8.344
       334984.364048   29.669488747730   ao  300   12  1650.000                
 -5.33672743166800677e-09 -9.07484977643728957e-02 -6.86993109747145823e-06
  1.16683831293963280e-09  8.38802290251734698e-12 -1.11454204850542491e-15
 -5.37867713533872043e-18  1.41914453150246644e-22  2.74824322474569982e-24
  2.47964673111099629e-26 -1.02594993748526342e-29 -4.75187282048754991e-31
B0531+21   15-Jan-15   80000.00   57037.33333333330             0.000052  0.523 -8.135
       869007.411896   29.669488747730   ao  300   12  1650.000                
  5.03094797491510321e-09 -9.37670839148084939e-02 -2.18060534370889324e-06
  7.71354572400993924e-09  9.11096932533979262e-13 -7.36966741147639517e-15
 -6.78206192212644497e-19  2.46751313687850539e-21  4.50560964910009331e-24
  2.79704447412679280e-26 -7.05267151317804875e-29 -3.23515846096751328e-31
B0531+21   15-Jan-15  130000.00   57037.54166666660             0.000052  0.518 -8.364
      1403030.080901   29.669488747730   ao  300   12  1650.000                
 -1.54103339956829883e-09 -9.31848952448493251e-02  3.35836943839048536e-06
  2.77567279951089085e-09 -7.92336371166747139e-12 -2.64569161463614452e-15
  5.10310102831793686e-18  5.86948178495895983e-22 -3.42459067210531923e-24
  1.63553704149550035e-26  1.79127317500496655e-29 -1.25079160962287139e-31
B0531+21   15-Jan-15  170000.00   57037.70833333330             0.000052  0.507 -8.140
      1830248.558994   29.669488747730   ao  300   12  1650.000                
  2.60816949623686955e-09 -9.15502621855349002e-02  2.51397522117875211e-06
 -4.90126443237822426e-09 -6.57241842678564533e-12  4.69625280048377213e-15
  4.07585876301478411e-18 -2.37170421085447777e-21  4.00446407751528478e-24
  5.48207074226813676e-27 -8.59849853546048249e-29 -1.73033343105267874e-33
B0531+21   15-Jan-15  220000.00   57037.91666666660             0.000052  0.506 -8.368
      2364271.945882   29.669488747730   ao  300   12  1650.000                
 -2.55981147899352556e-09 -9.18369505767593769e-02 -3.80317066372810979e-06
 -7.06030930166204923e-09  3.50655778818742575e-12  6.74383065066124653e-15
 -2.16921718802316805e-18 -1.40404819122171948e-21 -2.69570020183182405e-24
 -7.63855858720064072e-26  5.94231437993846050e-29  1.28566915932442485e-30
B0531+21   16-Jan-15   30000.00   57038.12499999990             0.000052  0.524 -8.338
      2898294.701848   29.669488747730   ao  300   12  1650.000                
 -2.49779618667465451e-09 -9.54191853973573312e-02 -6.84620873522126768e-06
  1.29864007968388064e-09  8.36461026779194208e-12 -1.22983692742394715e-15
 -5.34346666150151279e-18 -8.52514746366766744e-22  1.96545062999970454e-24
  6.78436341709935825e-26  4.76129960056786152e-31 -1.10262033102608516e-30
B0531+21   16-Jan-15   80000.00   57038.33333333330             0.000052  0.538 -8.102
      3432316.353713   29.669488747730   ao  300   12  1650.000                
  9.58521297190594989e-09 -9.83950593066815760e-02 -2.08026887593075292e-06
  7.72683326312622069e-09  7.65011227586746033e-13 -7.38789733292198703e-15
 -4.96188899757966702e-19  3.03600861212624073e-21  5.82915612948237240e-25
  2.91918745965516859e-27 -1.05956959496656224e-29  8.20176592536675025e-32
B0531+21   16-Jan-15  130000.00   57038.54166666660             0.000052  0.533 -8.389
      3966337.642573   29.669488747730   ao  300   12  1650.000                
  1.69827171383584840e-09 -9.77639588433053958e-02  3.39972950890816303e-06
  2.65076295510545569e-09 -7.97443819214142458e-12 -2.52025878308357275e-15
  5.15394390191481852e-18 -3.76559246008233793e-22 -4.82445660693728571e-24
  6.60574078087632118e-26  5.00848186977374908e-29 -1.01678075211105865e-30
B0531+21   16-Jan-15  170000.00   57038.70833333330             0.000052  0.522 -8.125
      4393555.022276   29.669488747730   ao  300   12  1650.000                
  5.03533267070250374e-09 -9.61318108878482097e-02  2.46499704972595880e-06
 -5.00384003698715275e-09 -6.47967701271000735e-12  4.80792007812548606e-15
  4.08877372506589199e-18 -3.68150326131569750e-21  6.56247509374635676e-25
  5.57884537212923367e-26 -3.58461044793792165e-29 -7.14952025550910159e-31
B0531+21   16-Jan-15  220000.00   57038.91666666660             0.000052  0.521 -8.307
      4927577.028466   29.669488747730   ao  300   12  1650.000                
 -4.08020698612176613e-09 -9.64625711903926014e-02 -3.87655630817550838e-06
 -7.00400808795653349e-09  3.63934585063747056e-12  6.69755348444967279e-15
 -2.32848907095450006e-18 -2.04849781032014117e-21  1.86821359018659337e-24
 -4.88921423362445308e-26 -2.96328643030342869e-29  8.65812600849025783e-31
B0531+21   17-Jan-15   30000.00   57039.12499999990             0.000052  0.539 -8.317
      5461598.392549   29.669488747730   ao  300   12  1650.000                
 -6.05236172279959711e-09 -1.00062569997348846e-01 -6.82043098946081517e-06
  1.43019435100925789e-09  8.33978718081942840e-12 -1.37230539183414544e-15
 -5.40179656860789487e-18  7.69259538617622820e-22  4.77314868859892238e-24
  3.11385172417360859e-27 -3.74336595420327884e-29 -1.18798424517730222e-31
B0531+21   17-Jan-15   80000.00   57039.33333333330             0.000052  0.553 -8.087
      5995618.656779   29.669488747730   ao  300   12  1650.000                
  8.65419039628570800e-09 -1.02994825083101704e-01 -1.97926514982943154e-06
  7.73783461811845636e-09  6.19228470036494259e-13 -7.39944396905926707e-15
 -3.78524692437118988e-19  3.19873255837744603e-21 -5.89059705588306855e-25
 -5.76256616901582093e-27  1.10666484591735155e-29  2.43327804191956758e-31
B0531+21   17-Jan-15  130000.00   57039.54166666660             0.000052  0.547 -8.290
      6529638.573960   29.669488747730   ao  300   12  1650.000                
 -6.41596631585874991e-09 -1.02314962506969157e-01  3.44015564617637169e-06
  2.52520240291723096e-09 -8.02286662274199544e-12 -2.42141595036688752e-15
  5.15089816965493643e-18  1.52442419648534562e-21 -2.83982870968154800e-24
 -1.47270759201469702e-26  1.12921620250581723e-29  2.21108152737164368e-31
B0531+21   17-Jan-15  170000.00   57039.70833333330             0.000052  0.536 -8.100
      6956854.861952   29.669488747730   ao  300   12  1650.000                
  8.39324023656257579e-09 -1.00685743768927624e-01  2.41537787068027479e-06
 -5.10496018517110150e-09 -6.38428112772174751e-12  4.92083787300520989e-15
  3.99512833776401291e-18 -4.79599790216290405e-21  2.21586109138187326e-24
  8.75706822874316346e-26 -5.83558254553573259e-29 -1.06000002328467332e-30
B0531+21   17-Jan-15  220000.00   57039.91666666660             0.000052  0.536 -8.316
      7490875.495722   29.669488747730   ao  300   12  1650.000                
  3.39365110777709597e-10 -1.01060418989412551e-01 -3.94868463278465928e-06
 -6.94557843940544036e-09  3.77044403510289212e-12  6.64807906372890913e-15
 -2.38060901260302604e-18 -2.92290683495028859e-21 -7.38719067975100630e-26
 -1.75131945724050891e-27  1.02997718697976667e-29  2.98996669832320311e-32
B0531+21   18-Jan-15   30000.00   57040.12499999990             0.000052  0.554 -8.339
      8024895.476411   29.669488747730   ao  300   12  1650.000                
 -5.00979220193170476e-09 -1.04677044348944689e-01 -6.79249864141012173e-06
  1.56119156673071300e-09  8.31070075371118191e-12 -1.48217738013065729e-15
 -5.28718968893477640e-18 -5.35664705724453629e-22  7.39199032262653464e-25
  5.95560114967685791e-26  2.20740271652952853e-29 -1.00143838393634178e-30
B0531+21   18-Jan-15   80000.00   57040.33333333330             0.000052  0.568 -8.075
      8558914.361844   29.669488747730   ao  300   12  1650.000                
  6.55999981005267680e-09 -1.07564729133384010e-01 -1.87752994802576211e-06
  7.74644331554867217e-09  4.73887474824268821e-13 -7.38068597741146374e-15
 -3.01851474885645298e-19  7.40680779140696927e-22 -3.68442355004714621e-25
  9.41222330421875276e-26  1.27424462762665194e-29 -1.24760523549087144e-30
B0531+21   18-Jan-15  130000.00   57040.54166666660             0.000052  0.562 -8.300
      9092932.916313   29.669488747730   ao  300   12  1650.000                
  9.08232383509908212e-10 -1.06836209392663944e-01  3.47973702152947293e-06
  2.39880382838266537e-09 -8.06993430298090062e-12 -2.29995685459730719e-15
  5.26460987916994194e-18  1.47463274492514119e-21 -6.47397138621149410e-24
 -1.48709501012832331e-26  6.71315768098808122e-29  2.18752578098456749e-31
B0531+21   18-Jan-15  163000.00   57040.68750000000             0.000052  0.552 -8.073
      9466746.198597   29.669488747730   ao  300   12  1650.000                
  6.71224346909438563e-09 -1.05365583731711190e-01  2.79836654171374113e-06
 -4.40709826374631249e-09 -6.97859203709065951e-12  4.22502992958556399e-15
  4.38199150421325889e-18 -2.43576350667281053e-21  1.38496660360030322e-24
  1.92876355303981059e-26 -4.02947620952293980e-29 -2.16562475763167379e-31
B0531+21   18-Jan-15  213000.00   57040.89583333330             0.000052  0.550 -8.353
     10000765.475619   29.669488747730   ao  300   12  1650.000                
  8.56598947132511607e-10 -1.05406494909130746e-01 -3.38052090479725673e-06
 -7.29254086823314146e-09  2.87995863482931754e-12  6.97248862853301935e-15
 -1.70027191765766806e-18 -2.53148638016703196e-21 -5.05203575408262768e-24
 -1.67280698816800579e-26  8.05956876410445440e-29  1.65386180858188413e-31
B0531+21   19-Jan-15   23000.00   57041.10416666660             0.000052  0.567 -8.300
     10534784.188223   29.669488747730   ao  300   12  1650.000                
 -4.46103668203201532e-09 -1.08851321488440081e-01 -6.86951430798030380e-06
  6.86609765330306203e-10  8.45024633219685560e-12 -6.62914666236367503e-16
 -5.33214111393040918e-18  7.42780471639283611e-22 -1.06927747724103724e-24
 -9.13729117069602410e-27  5.00731409304981573e-29  4.43168670145193107e-32
B0531+21   19-Jan-15   73000.00   57041.31250000000             0.000052  0.583 -8.064
     11068801.793849   29.669488747730   ao  300   12  1650.000                
  8.72835012247180186e-09 -1.11975482002735438e-01 -2.46900047279445339e-06
  7.64716222401695682e-09  1.43499123741662605e-12 -7.32009930198765663e-15
 -9.23349814820530242e-19  3.66784212523906367e-21 -1.33281518055209709e-25
 -1.86843983810588811e-26  1.74743661447937900e-29  3.25746503397148846e-31
B0531+21   19-Jan-15  123000.00   57041.52083333330             0.000052  0.578 -8.327
     11602818.976747   29.669488747730   ao  300   12  1650.000                
  2.62472016477721237e-09 -1.11529850057431448e-01  3.27092912643608632e-06
  3.22299365543552352e-09 -7.71811497047383103e-12 -3.10202766944614556e-15
  4.91506067737617281e-18  3.05151216183162330e-21 -3.13022577298208745e-25
 -6.28346387831526686e-26 -3.65719399921899286e-29  8.92462137938236046e-31
B0531+21   19-Jan-15  163000.00   57041.68750000000             0.000052  0.567 -8.067
     12030033.053520   29.669488747730   ao  300   12  1650.000                
  6.24082520803828970e-09 -1.09856032419250044e-01  2.75711185741968827e-06
 -4.51611907093601205e-09 -6.89515128980776009e-12  4.34855926086911719e-15
  4.39501530093859522e-18 -4.08951624616878896e-21 -1.46388966100422874e-24
  8.17246435842646067e-26  1.87724026127565928e-30 -1.13048612489464733e-30
B0531+21   19-Jan-15  213000.00   57041.89583333330             0.000052  0.565 -8.305
     12564050.977640   29.669488747730   ao  300   12  1650.000                
 -1.63299590130621991e-09 -1.09938788505852467e-01 -3.45472493001434932e-06
 -7.24587586783858348e-09  3.01779216477333975e-12  6.91096774576153710e-15
 -1.90562130434555309e-18 -7.09072520794727430e-22  4.06053554038494115e-25
 -1.01909415004810565e-25 -3.24565594055375997e-30  1.62746884388397756e-30
B0531+21   20-Jan-15   23000.00   57042.10416666660             0.000052  0.582 -8.319
     13098068.326079   29.669488747730   ao  300   12  1650.000                
 -1.94962797900370905e-09 -1.13403699693910467e-01 -6.84891951705828873e-06
  8.19615124804615396e-10  8.43740450229598817e-12 -7.96009918446740180e-16
 -5.47856218464076300e-18  1.41149785192667393e-21  6.56186867454317482e-24
 -3.94062987664894204e-26 -8.26003326067815446e-29  6.08875912375474721e-31
B0531+21   20-Jan-15   73000.00   57042.31250000000             0.000052  0.597 -8.042
     13632084.571031   29.669488747730   ao  300   12  1650.000                
  4.31578306173798561e-09 -1.16485859027164615e-01 -2.36680168841390024e-06
  7.66869734266838492e-09  1.29056402643506446e-12 -7.32713518593469709e-15
 -8.17052659061008211e-19  2.32756178887844392e-21  9.42256253151585005e-26
  3.85150396835193638e-26  1.73531841744844967e-30 -5.35505083942985994e-31
B0531+21   20-Jan-15  123000.00   57042.52083333330             0.000052  0.592 -8.304
     14166100.409447   29.669488747730   ao  300   12  1650.000                
  2.83893292459531216e-09 -1.15988135610005774e-01  3.32023749940460622e-06
  3.10140805358831792e-09 -7.77791821399101993e-12 -3.00345444034949014e-15
  4.99960815185719326e-18  4.39881747221694074e-21 -2.62055625471562329e-24
 -1.12261622386519204e-25  2.78429002972401545e-30  1.54215804100575683e-30
